
$orca_hessian_file

$act_atom
  0

$act_coord
  0

$act_energy
        0.000000

$multiplicity
  1

$hessian
45
                    0                  1                  2                  3                  4        
    0      7.6608911072E-02  -4.4074751349E-04  -4.3948895378E-03   4.0961104721E-03  -4.5900842723E-03
    1     -4.4074751349E-04   1.5070413077E-01  -1.2318390298E-01  -4.3658889407E-04   2.3319897655E-02
    2     -4.3948895378E-03  -1.2318390298E-01   2.5893492013E-01   2.2407469089E-02   6.4892856568E-03
    3      4.0961104721E-03  -4.3658889407E-04   2.2407469089E-02   1.4367800250E-01  -8.0357822973E-02
    4     -4.5900842723E-03   2.3319897655E-02   6.4892856568E-03  -8.0357822973E-02   1.6372763291E-01
    5      2.5434487250E-02  -6.7649526449E-03  -6.9442546851E-02  -9.8604838477E-02   1.2201955481E-01
    6      1.1159116494E-03   4.8360812991E-04  -1.6125656452E-03   1.6867528926E-03  -3.9366940534E-03
    7     -2.0413613272E-03  -6.3179366857E-04   1.8250588458E-04  -3.7899240358E-03  -1.0870640052E-02
    8     -2.1394473768E-03  -1.4127779822E-03   6.2818563649E-03  -2.4691481000E-03  -6.3693887877E-03
    9     -1.5463825939E-03  -5.8527068647E-03   2.7883554019E-03   9.0079749144E-04  -6.9626414919E-04
   10     -6.6968608076E-03  -1.0986420274E-02   2.9944615018E-03  -6.8567911853E-04  -3.9721318673E-04
   11      1.8189876626E-03   2.8793773051E-03   1.6865424121E-03  -1.3083075793E-03   1.7328936238E-03
   12     -9.5318824405E-04   4.7299886088E-04   1.0235764887E-05  -7.6981011702E-04   5.5559773401E-04
   13     -3.7886047040E-05   3.3607770097E-04  -2.0331567483E-04  -5.9908110658E-05   1.7098267889E-04
   14     -5.0013738334E-04  -4.1559867355E-04   1.1072605063E-03  -1.0031249133E-03   6.8981317512E-04
   15     -7.8673381749E-04   9.4852184811E-04  -1.4651557434E-03  -2.2984526055E-03   1.3104220627E-03
   16      1.1548650882E-04   1.9262514801E-04  -3.1189835237E-05  -1.5567546912E-04   2.1352343273E-04
   17      2.2884818151E-04  -2.4225659736E-04   5.1952201483E-04   1.3734068725E-04   5.0716895057E-05
   18     -5.1828608317E-04   3.7219829553E-04  -3.8596260950E-04  -6.8814916970E-04   5.1901794609E-04
   19     -2.2568764048E-04   1.4144087360E-03  -9.1262463271E-04  -9.7818509316E-04   1.1504263653E-03
   20     -8.6256310299E-05  -2.2366924569E-04   3.4422513794E-04  -2.3044758919E-04   2.0336210685E-04
   21     -1.1049191249E-02   2.4761315625E-02  -3.9106471795E-02  -6.0070188805E-02   3.3348726709E-02
   22      3.1202569391E-02  -5.0119262976E-03   2.8975819632E-02   4.2618997203E-02  -7.0423076632E-03
   23     -4.0208382931E-02   2.1981878816E-02  -3.0802980510E-02   3.8314014165E-02  -1.1105833805E-02
   24     -7.7849407328E-02  -1.6652526353E-02   1.4448006221E-02  -9.5425662481E-02   3.4699294401E-02
   25     -1.1214567590E-02  -1.4177798657E-01   7.7291644248E-02   4.1237167733E-02  -1.5460279353E-01
   26      8.0338537642E-03   6.4280719605E-02  -1.4370647777E-01   4.5979579602E-02  -8.2329552061E-02
   27      2.4436091470E-03  -3.0235409605E-03   8.1070163679E-03   7.4218237924E-04  -1.1985216453E-03
   28     -8.5062734980E-04   2.8911674198E-03  -3.4918799596E-03   4.0497428827E-04   3.4474872077E-03
   29     -3.0052250304E-03   4.7080640849E-03  -8.2697876726E-03  -7.5834836593E-03   3.3773659058E-03
   30      5.8816413115E-03   4.1145093721E-04  -5.7416218655E-04   4.5712707665E-03   2.3204623734E-02
   31     -8.2672899778E-03  -1.6590854942E-02   9.7170686051E-03  -2.2629442475E-03  -1.7029026293E-02
   32      1.6249417855E-02   3.9605200929E-02  -2.1102627008E-02  -3.1204544982E-04  -3.3239226852E-02
   33      2.6818940329E-03  -1.7853049503E-03   1.4912715796E-03   3.4330343845E-03  -2.1754199731E-03
   34      4.6072992544E-04  -2.2705659521E-03   1.3453918465E-03   2.5376399060E-03  -2.2702477571E-03
   35     -2.3930190648E-04   4.7738501602E-04  -5.9686387864E-04   2.7140516946E-03  -1.9337211695E-03
   36     -7.6221563877E-04   6.3050504658E-05  -9.3840454135E-04  -1.8867507655E-03  -2.3859589023E-05
   37      3.5418352884E-04  -2.0672514744E-04   5.6726109497E-04   7.6195351112E-04  -2.7670746617E-05
   38     -1.8406046348E-04  -2.5333328064E-04   1.2779149659E-03   1.1587188979E-03  -1.6442758436E-04
   39     -1.0447725998E-03   1.6097909390E-03  -1.9970924821E-03  -2.5418067528E-04   3.2712337941E-04
   40      5.5622458571E-04  -1.3165953336E-03   3.3729528167E-04  -1.3383383779E-04  -3.6810147275E-04
   41     -1.2796309921E-03  -4.4033788514E-04   2.9443803991E-03   4.8697000611E-04  -2.9649504579E-04
   42      1.6820998696E-03  -9.2489761810E-04   1.2163361040E-03   2.2850437278E-03  -9.0679712426E-04
   43      1.6692965993E-03  -6.5439252251E-05   1.9887721133E-04   1.2204869518E-03   5.7805045090E-04
   44      2.7775123149E-04  -1.2724943466E-03   8.2466175599E-04   3.2511192652E-04   7.3153557780E-04
                    5                  6                  7                  8                  9        
    0      2.5434487250E-02   1.1159116494E-03  -2.0413613272E-03  -2.1394473768E-03  -1.5463825939E-03
    1     -6.7649526449E-03   4.8360812991E-04  -6.3179366857E-04  -1.4127779822E-03  -5.8527068647E-03
    2     -6.9442546851E-02  -1.6125656452E-03   1.8250588458E-04   6.2818563649E-03   2.7883554019E-03
    3     -9.8604838477E-02   1.6867528926E-03  -3.7899240358E-03  -2.4691481000E-03   9.0079749144E-04
    4      1.2201955481E-01  -3.9366940534E-03  -1.0870640052E-02  -6.3693887877E-03  -6.9626414919E-04
    5      2.3576218238E-01  -3.0725269920E-03  -6.0315707191E-03  -1.6307174615E-03  -1.8308962927E-03
    6     -3.0725269920E-03   1.0479979072E-01  -6.3440659832E-02  -9.2942159591E-02   8.1359213348E-03
    7     -6.0315707191E-03  -6.3440659832E-02   1.5078784846E-01   1.1892591657E-01  -8.7797911796E-03
    8     -1.6307174615E-03  -9.2942159591E-02   1.1892591657E-01   2.4152996223E-01   2.2055261922E-02
    9     -1.8308962927E-03   8.1359213348E-03  -8.7797911796E-03   2.2055261922E-02   5.7169743895E-02
   10     -2.3455702207E-03  -6.0178508658E-03   2.5305310532E-02  -2.8650554150E-03  -2.5534949253E-03
   11      5.6848164938E-03   1.9811791606E-02   7.5843018724E-03  -7.0632726486E-02  -1.4801323597E-03
   12      5.9764852451E-04  -6.7124234920E-04  -1.1555013007E-04   2.5237032180E-04  -1.7390347121E-04
   13      1.6439042261E-05   2.6402702966E-05   8.2640369033E-05  -9.5440319339E-06  -5.4479536743E-05
   14      8.8512359931E-04  -8.6209317066E-04   4.4051305367E-05   6.2192695817E-04  -6.8597253257E-05
   15      6.6803472822E-04  -1.7799256555E-04  -6.0170057819E-04  -4.7357186010E-04  -2.1994049370E-04
   16      9.3315446845E-05  -6.3620795297E-05   2.3011931496E-04   2.0170812767E-04  -5.6931659737E-06
   17      8.6824965070E-05  -5.3433261295E-05   2.9049101100E-04   3.4894164988E-04   6.4687896069E-05
   18      4.4472275979E-04  -7.1500170424E-04   7.7198994579E-05   6.3161389427E-05  -2.1362848282E-04
   19      4.4508928955E-04  -1.0337531441E-03   4.4090685781E-04   2.5450244069E-04  -2.5028292068E-04
   20      2.5850515592E-04  -1.6685414547E-04   9.5513714557E-05   1.2538287672E-04  -2.6378825179E-05
   21      1.9650999811E-02   6.5907287687E-03  -5.7265059092E-03  -4.3501400379E-03   3.1824972615E-03
   22     -3.9770592232E-03   1.7656306252E-03   2.7650294396E-03   1.8007762710E-03  -4.1447617428E-05
   23      8.4389151269E-03   1.5612248609E-03   2.6113847490E-03   2.7735344342E-03   2.0901140630E-03
   24      4.4665049197E-02   4.4263357093E-03   2.8117455589E-02   1.8219571923E-02   2.6683530062E-03
   25     -8.9618262350E-02  -5.5662211291E-03  -1.4770796832E-02  -1.0742672185E-02  -1.1675934699E-02
   26     -1.6254994641E-01  -3.4843276356E-03  -2.9320055355E-02  -2.2526766622E-02   1.5598856842E-02
   27     -2.5200304110E-03  -5.2074375520E-03   7.3651944562E-04   1.0214038084E-03   3.3865670333E-04
   28     -5.2344474241E-05   8.9708242032E-04  -2.5242460117E-03  -9.0001131356E-04   5.9368562337E-06
   29      3.8903138447E-03   5.9134016045E-04  -1.8880584805E-03  -2.5812470575E-03  -2.2410712185E-04
   30      1.7003100234E-02  -1.1203103279E-01   4.7734183813E-02   5.4048974078E-02  -8.0052630047E-02
   31     -1.3897538567E-02   5.1319909654E-02  -1.4509860548E-01  -8.9487034560E-02   8.1474060962E-03
   32     -2.0293554754E-02   4.6286128568E-02  -7.4843703450E-02  -1.5015010518E-01  -1.2516304008E-02
   33     -1.8011713525E-03   2.0892343586E-03   1.9674854106E-04  -2.8945313442E-04   7.3510989903E-04
   34     -8.8946649564E-04   1.6216127843E-04  -1.4477090891E-04  -3.2758613539E-04   2.4639325041E-04
   35     -1.3170172464E-03   3.7958996171E-04  -2.7035757171E-04  -3.7957066622E-04  -2.6635349326E-06
   36      5.2382062612E-04  -1.4289402519E-04  -1.0849919547E-03  -1.0452384579E-03   2.7561620352E-04
   37     -1.4831985226E-04  -1.7804802827E-03   5.6299377096E-04   5.7555991613E-05  -1.0313368245E-04
   38     -3.9261813278E-04   3.5272703016E-04  -1.7089868260E-04  -5.8043656457E-04  -2.2872156043E-04
   39     -8.5620485089E-04   2.9175170361E-05  -4.0533184323E-04  -5.7531234600E-04   1.8470957566E-05
   40      3.6633091651E-04   6.7186276963E-04  -3.2159881621E-04  -6.8813181100E-04  -1.9895256205E-05
   41      2.4159931652E-04  -9.3438300235E-04   1.0816330287E-05   5.5981678501E-04   4.2519695911E-05
   42     -3.1405505433E-04  -9.9282496215E-03   9.2115309198E-03   8.7224379279E-03   8.7813183366E-03
   43      9.2847259159E-04   2.6424802008E-02  -5.8123969722E-03  -8.4082280315E-03   2.1654999566E-02
   44      3.7811997217E-04   3.4046830790E-02  -1.7250366330E-02  -3.7598512616E-03  -2.6291300764E-02
                   10                 11                 12                 13                 14        
    0     -6.6968608076E-03   1.8189876626E-03  -9.5318824405E-04  -3.7886047040E-05  -5.0013738334E-04
    1     -1.0986420274E-02   2.8793773051E-03   4.7299886088E-04   3.3607770097E-04  -4.1559867355E-04
    2      2.9944615018E-03   1.6865424121E-03   1.0235764887E-05  -2.0331567483E-04   1.1072605063E-03
    3     -6.8567911853E-04  -1.3083075793E-03  -7.6981011702E-04  -5.9908110658E-05  -1.0031249133E-03
    4     -3.9721318673E-04   1.7328936238E-03   5.5559773401E-04   1.7098267889E-04   6.8981317512E-04
    5     -2.3455702207E-03   5.6848164938E-03   5.9764852451E-04   1.6439042261E-05   8.8512359931E-04
    6     -6.0178508658E-03   1.9811791606E-02  -6.7124234920E-04   2.6402702966E-05  -8.6209317066E-04
    7      2.5305310532E-02   7.5843018724E-03  -1.1555013007E-04   8.2640369033E-05   4.4051305367E-05
    8     -2.8650554150E-03  -7.0632726486E-02   2.5237032180E-04  -9.5440319339E-06   6.2192695817E-04
    9     -2.5534949253E-03  -1.4801323597E-03  -1.7390347121E-04  -5.4479536743E-05  -6.8597253257E-05
   10      1.7953809180E-01  -1.5424648001E-01  -3.5455886041E-04   1.9457457730E-04  -5.5193098620E-04
   11     -1.5424648001E-01   2.8081283289E-01   3.8823240910E-04  -1.7713584360E-04   8.2633428886E-04
   12     -3.5455886041E-04   3.8823240910E-04   8.4820546993E-02  -1.8544873560E-02   5.9824673363E-02
   13      1.9457457730E-04  -1.7713584360E-04  -1.8544873560E-02   1.0118924977E-01  -7.9010167110E-02
   14     -5.5193098620E-04   8.2633428886E-04   5.9824673363E-02  -7.9010167110E-02   3.5732741715E-01
   15     -4.7924815370E-04   2.2386761309E-04   1.3224199184E-02  -1.7056846499E-03   2.2677322794E-02
   16      1.5044987816E-04  -2.1633828952E-05  -1.9499451799E-03   1.4168130658E-02  -7.2613681743E-03
   17      2.3446789092E-05   1.6675994074E-04   3.6261624607E-02  -1.2365680787E-02  -7.2563648777E-02
   18     -1.5703436017E-04   2.3014448711E-04   1.4645894623E-02   1.0699609246E-02  -2.4616898440E-03
   19      2.7075985951E-04   3.3132184253E-05   5.1774895082E-03  -4.2793587706E-02   4.5010701828E-02
   20     -9.7850471831E-05   1.9258493526E-04   7.8001171206E-04   5.8835181928E-02  -1.9284572851E-02
   21     -2.8099781699E-03   2.0582114664E-03  -3.0829670077E-05  -9.9498559054E-04  -1.8769188435E-03
   22      2.2640160823E-03  -1.6425138276E-03   2.0704323011E-04   8.4341846732E-04   5.6686818935E-04
   23     -2.7790131450E-03   3.9177495556E-03  -1.9561820519E-04   1.1753050663E-05   3.1077101718E-03
   24      7.3684133559E-03  -2.9428907257E-04   3.2863248114E-03  -9.2148175743E-05   1.9626768207E-03
   25     -1.9027197136E-02   8.4272300148E-03  -8.6534843099E-04  -4.5701989525E-04   1.4087727867E-04
   26      4.0836867804E-02  -1.8461482674E-02  -6.7742627644E-04   3.2264266499E-04  -9.1337294575E-04
   27      1.1918934582E-03   3.8699960642E-04  -4.6042041737E-03  -1.8805047114E-03  -7.5565296136E-03
   28     -1.4534365010E-03   1.0861746448E-04   9.6014055802E-03   7.5135955993E-03   9.5242469893E-03
   29     -5.3972499805E-04  -4.0681139146E-04  -4.0589044275E-02  -3.7155756589E-03  -3.5898601700E-02
   30      9.7427837805E-03  -1.7849114979E-02   6.8452931442E-04   8.8365397967E-05   8.4131815974E-04
   31     -1.6733016718E-01   1.1458019559E-01   4.1396417470E-04  -3.0424646651E-04   3.5956638158E-04
   32      9.8484444864E-02  -1.8277386072E-01  -7.4156436748E-04   2.1079782169E-04  -1.6510953209E-03
   33      9.9610306431E-04  -9.7891507718E-04  -1.0350115113E-01   1.2210781913E-02  -6.6239628374E-02
   34     -3.8598782177E-04   2.1619275280E-04   7.5125928173E-03  -8.3341649939E-02   3.3373285784E-02
   35      6.3886419415E-04  -1.0888957520E-03  -5.5711877789E-02   3.6235374866E-02  -2.3494554836E-01
   36     -4.5259092607E-04   5.1152525165E-05   9.6970158212E-04   1.9509853021E-03   3.5693464245E-04
   37      1.9149122918E-04   1.7205387037E-04   4.1073248883E-04   1.6386247295E-03  -4.8547357866E-05
   38      3.6046723858E-04  -5.8656284491E-04   6.3991526892E-04   5.8200443984E-04   6.4290421645E-04
   39      2.3567114230E-04  -4.6085904975E-04  -6.8249262021E-03  -1.5661780938E-03  -5.0278162032E-03
   40      6.6564408587E-05  -3.1621811356E-04  -2.4576072958E-03   7.3836180108E-04  -2.4914943271E-03
   41     -2.4296373076E-05   2.4777409012E-04  -8.5534461320E-04  -6.0990644957E-04   6.6050864737E-04
   42      6.5081961522E-04  -2.5684633592E-03  -1.0194115135E-04  -1.3191008067E-05  -6.9797039343E-05
   43     -8.4008362737E-03   2.0604687283E-02  -9.0246014674E-05   2.0847651959E-05  -4.1632091153E-05
   44      2.0176668888E-02  -1.9585054743E-02   1.9570412815E-05  -1.1540468329E-05   7.7654415767E-05
                   15                 16                 17                 18                 19        
    0     -7.8673381749E-04   1.1548650882E-04   2.2884818151E-04  -5.1828608317E-04  -2.2568764048E-04
    1      9.4852184811E-04   1.9262514801E-04  -2.4225659736E-04   3.7219829553E-04   1.4144087360E-03
    2     -1.4651557434E-03  -3.1189835237E-05   5.1952201483E-04  -3.8596260950E-04  -9.1262463271E-04
    3     -2.2984526055E-03  -1.5567546912E-04   1.3734068725E-04  -6.8814916970E-04  -9.7818509316E-04
    4      1.3104220627E-03   2.1352343273E-04   5.0716895057E-05   5.1901794609E-04   1.1504263653E-03
    5      6.6803472822E-04   9.3315446845E-05   8.6824965070E-05   4.4472275979E-04   4.4508928955E-04
    6     -1.7799256555E-04  -6.3620795297E-05  -5.3433261295E-05  -7.1500170424E-04  -1.0337531441E-03
    7     -6.0170057819E-04   2.3011931496E-04   2.9049101100E-04   7.7198994579E-05   4.4090685781E-04
    8     -4.7357186010E-04   2.0170812767E-04   3.4894164988E-04   6.3161389427E-05   2.5450244069E-04
    9     -2.1994049370E-04  -5.6931659737E-06   6.4687896069E-05  -2.1362848282E-04  -2.5028292068E-04
   10     -4.7924815370E-04   1.5044987816E-04   2.3446789092E-05  -1.5703436017E-04   2.7075985951E-04
   11      2.2386761309E-04  -2.1633828952E-05   1.6675994074E-04   2.3014448711E-04   3.3132184253E-05
   12      1.3224199184E-02  -1.9499451799E-03   3.6261624607E-02   1.4645894623E-02   5.1774895082E-03
   13     -1.7056846499E-03   1.4168130658E-02  -1.2365680787E-02   1.0699609246E-02  -4.2793587706E-02
   14      2.2677322794E-02  -7.2613681743E-03  -7.2563648777E-02  -2.4616898440E-03   4.5010701828E-02
   15      2.1645447810E-01  -8.7755895695E-02  -1.2580876560E-01   7.1799125565E-03   2.7411291291E-02
   16     -8.7755895695E-02   1.2868501798E-01   7.3577735458E-02   4.0581251559E-02  -5.6859317408E-02
   17     -1.2580876560E-01   7.3577735458E-02   1.8418964631E-01   8.6156565042E-03  -2.6665140139E-02
   18      7.1799125565E-03   4.0581251559E-02   8.6156565042E-03   7.4860408465E-02   2.8422961007E-02
   19      2.7411291291E-02  -5.6859317408E-02  -2.6665140139E-02   2.8422961007E-02   3.8874672098E-01
   20      6.2088451232E-03  -3.3055330508E-02   4.3913846218E-03  -2.5846926151E-03  -1.9136247188E-02
   21     -1.6563820267E-02  -8.6029088984E-04   6.6869298590E-04   1.7404851810E-04  -2.2032473841E-03
   22     -5.5318391136E-04   1.8522312142E-03   2.7848226044E-04  -5.8308411465E-04   5.0366252152E-03
   23     -4.3861485562E-03   5.9208960873E-05   2.7700107461E-03  -7.1200371271E-04   6.0464707516E-04
   24      5.6622475025E-03  -4.1452222322E-04  -9.1166848427E-04   2.9959717030E-03   2.2721242574E-03
   25     -2.9550426184E-03   5.1608853858E-05   4.0502758552E-04  -1.1091003855E-03  -2.8886424326E-03
   26      4.6500081637E-03   1.2361122660E-04  -7.2109875483E-04   3.5210500091E-04   1.7733896629E-03
   27     -2.9518832685E-02   1.7343898345E-03   6.2313590041E-03  -5.7009558261E-04  -2.8934825477E-03
   28      2.1463640262E-02   4.2105556212E-03  -5.2730838339E-03  -3.8889181063E-02  -4.0600517648E-02
   29      3.1158082144E-02  -2.8213950300E-03  -4.4400640317E-04   6.0979044314E-04  -6.0039830692E-04
   30      5.5457388742E-05   1.6151115269E-04   1.0948602198E-04   6.4978265816E-04   1.0787992382E-03
   31      1.7300250815E-03  -4.6309372301E-04  -4.3227574276E-04   1.1882924644E-04  -8.6651237245E-04
   32     -7.8547082705E-05  -1.4825504137E-04  -4.7847885223E-04  -5.2374935319E-04  -6.5415266902E-04
   33     -1.9397913658E-01   4.7675713720E-02   7.2966930369E-02  -9.2339138552E-02  -5.0976934655E-02
   34      4.0570862319E-02  -9.4228041142E-02  -2.9833096157E-02  -3.8992961459E-02  -2.5410721135E-01
   35      6.5382145402E-02  -3.1065643864E-02  -1.1961225458E-01  -2.9003939586E-03   1.9376050422E-03
   36      5.7007400612E-04   1.5262662279E-03  -2.1918152192E-04  -6.5847083396E-03  -5.7961409337E-03
   37     -2.8824335861E-04   2.2405894212E-03   1.7333913160E-04  -1.4589285115E-03   4.9270529091E-04
   38      9.4746213465E-04   7.3969694127E-04  -5.4687793927E-04  -1.5103862864E-03  -2.0252459227E-03
   39      6.3758861463E-04  -5.4910938237E-04   1.5513709269E-03   1.2439830960E-03   1.7697732649E-04
   40      1.2362953347E-03  -5.0793543371E-04   3.4438531390E-05   4.5775216191E-04   5.4345781605E-04
   41      4.5477157314E-04  -5.1526152165E-04   1.8609160270E-03   7.6242397948E-04  -3.6001037320E-06
   42     -2.3904834464E-04   1.0740171453E-05   4.7696084760E-05  -1.2099370613E-04  -1.5498672370E-04
   43     -3.8266560772E-04   6.3536181611E-05   9.0981816989E-05  -8.5470147543E-05   1.9777797119E-05
   44     -4.8995235772E-05   1.1675421134E-05   3.2359034199E-05   1.5199294797E-05   4.2060642921E-05
                   20                 21                 22                 23                 24        
    0     -8.6256310299E-05  -1.1049191249E-02   3.1202569391E-02  -4.0208382931E-02  -7.7849407328E-02
    1     -2.2366924569E-04   2.4761315625E-02  -5.0119262976E-03   2.1981878816E-02  -1.6652526353E-02
    2      3.4422513794E-04  -3.9106471795E-02   2.8975819632E-02  -3.0802980510E-02   1.4448006221E-02
    3     -2.3044758919E-04  -6.0070188805E-02   4.2618997203E-02   3.8314014165E-02  -9.5425662481E-02
    4      2.0336210685E-04   3.3348726709E-02  -7.0423076632E-03  -1.1105833805E-02   3.4699294401E-02
    5      2.5850515592E-04   1.9650999811E-02  -3.9770592232E-03   8.4389151269E-03   4.4665049197E-02
    6     -1.6685414547E-04   6.5907287687E-03   1.7656306252E-03   1.5612248609E-03   4.4263357093E-03
    7      9.5513714557E-05  -5.7265059092E-03   2.7650294396E-03   2.6113847490E-03   2.8117455589E-02
    8      1.2538287672E-04  -4.3501400379E-03   1.8007762710E-03   2.7735344342E-03   1.8219571923E-02
    9     -2.6378825179E-05   3.1824972615E-03  -4.1447617428E-05   2.0901140630E-03   2.6683530062E-03
   10     -9.7850471831E-05  -2.8099781699E-03   2.2640160823E-03  -2.7790131450E-03   7.3684133559E-03
   11      1.9258493526E-04   2.0582114664E-03  -1.6425138276E-03   3.9177495556E-03  -2.9428907257E-04
   12      7.8001171206E-04  -3.0829670077E-05   2.0704323011E-04  -1.9561820519E-04   3.2863248114E-03
   13      5.8835181928E-02  -9.9498559054E-04   8.4341846732E-04   1.1753050663E-05  -9.2148175743E-05
   14     -1.9284572851E-02  -1.8769188435E-03   5.6686818935E-04   3.1077101718E-03   1.9626768207E-03
   15      6.2088451232E-03  -1.6563820267E-02  -5.5318391136E-04  -4.3861485562E-03   5.6622475025E-03
   16     -3.3055330508E-02  -8.6029088984E-04   1.8522312142E-03   5.9208960873E-05  -4.1452222322E-04
   17      4.3913846218E-03   6.6869298590E-04   2.7848226044E-04   2.7700107461E-03  -9.1166848427E-04
   18     -2.5846926151E-03   1.7404851810E-04  -5.8308411465E-04  -7.1200371271E-04   2.9959717030E-03
   19     -1.9136247188E-02  -2.2032473841E-03   5.0366252152E-03   6.0464707516E-04   2.2721242574E-03
   20      8.0371617924E-02  -1.3379859277E-03   1.1499638734E-03   1.1112566463E-03   1.3652365093E-04
   21     -1.3379859277E-03   5.0826950642E-01  -1.2791961703E-01  -1.1152053007E-02  -2.2597553401E-01
   22      1.1499638734E-03  -1.2791961703E-01   1.5542245225E-01   5.9877702856E-02   1.0880387415E-02
   23      1.1112566463E-03  -1.1152053007E-02   5.9877702856E-02   2.8866856667E-01  -4.3238593920E-02
   24      1.3652365093E-04  -2.2597553401E-01   1.0880387415E-02  -4.3238593920E-02   5.5800028515E-01
   25      1.3555795156E-04  -8.4129106297E-03  -6.9229519147E-02  -1.4655833359E-02   1.6660971755E-02
   26     -3.6794388051E-04  -6.3985977711E-02  -7.2495849383E-03  -1.1212316888E-01  -6.2727507603E-03
   27     -1.4466604934E-03  -1.2301916849E-01   3.8166832386E-02   3.2092790834E-02  -4.4274416480E-02
   28     -1.0731143991E-02   3.9596531596E-02  -8.2229794857E-02  -3.7469784142E-02   1.2168203295E-02
   29      6.3816718192E-03   5.7510851256E-02  -4.7929983868E-02  -1.4113336285E-01   8.5214288499E-03
   30      2.5094218172E-04  -4.1339403599E-02  -2.2492834612E-02  -1.5167170318E-02  -1.1560396592E-01
   31     -3.9644907202E-05   2.0809872292E-02   7.2761369210E-03   5.0685593237E-03  -6.7846285502E-02
   32     -3.5792447686E-04  -1.1244809330E-02  -4.1624193846E-03  -2.2068053440E-03  -2.1896554877E-02
   33     -1.4545633783E-03  -2.3228199011E-02   1.4016967092E-03   5.0637453681E-03  -1.2835432232E-02
   34      3.2538583079E-03   2.5607013584E-02  -3.4754411055E-03   3.0420557375E-03  -1.3504046980E-03
   35     -7.5146419367E-02   3.5728466435E-02  -1.8249611234E-04  -2.3655238604E-04  -1.7361530825E-03
   36     -2.0235231412E-03  -9.1191217986E-03   2.9543036034E-02   6.4984515562E-03   5.6670178515E-03
   37     -8.5371966308E-04   1.1142402115E-02  -8.9614035184E-03  -7.0791161663E-03  -3.4706717096E-03
   38      4.4464469979E-04   9.3396524409E-03  -2.6249369098E-02  -2.1895801559E-03  -3.4596283572E-03
   39      1.9774439668E-03  -5.7201678786E-03  -1.7212466348E-03   2.9991927585E-02   4.8530618466E-03
   40      3.4925903827E-04   8.1266857009E-04   4.2725057205E-03  -1.8166127777E-02  -9.2890648619E-04
   41      1.5147243077E-03   9.0412788055E-03  -5.3836182201E-04  -2.1829765105E-02  -4.1639811942E-03
   42     -1.0729688177E-05  -2.1011561802E-03  -2.4260328998E-03  -5.3981007707E-04  -1.5595179127E-02
   43      1.1189850015E-05  -7.1997410679E-03  -3.7820227260E-03  -1.9670225929E-03  -2.1324112718E-02
   44      2.0862450663E-05  -9.5628425401E-04  -7.5228439016E-04  -2.6552812314E-04  -5.9603722780E-03
                   25                 26                 27                 28                 29        
    0     -1.1214567590E-02   8.0338537642E-03   2.4436091470E-03  -8.5062734980E-04  -3.0052250304E-03
    1     -1.4177798657E-01   6.4280719605E-02  -3.0235409605E-03   2.8911674198E-03   4.7080640849E-03
    2      7.7291644248E-02  -1.4370647777E-01   8.1070163679E-03  -3.4918799596E-03  -8.2697876726E-03
    3      4.1237167733E-02   4.5979579602E-02   7.4218237924E-04   4.0497428827E-04  -7.5834836593E-03
    4     -1.5460279353E-01  -8.2329552061E-02  -1.1985216453E-03   3.4474872077E-03   3.3773659058E-03
    5     -8.9618262350E-02  -1.6254994641E-01  -2.5200304110E-03  -5.2344474241E-05   3.8903138447E-03
    6     -5.5662211291E-03  -3.4843276356E-03  -5.2074375520E-03   8.9708242032E-04   5.9134016045E-04
    7     -1.4770796832E-02  -2.9320055355E-02   7.3651944562E-04  -2.5242460117E-03  -1.8880584805E-03
    8     -1.0742672185E-02  -2.2526766622E-02   1.0214038084E-03  -9.0001131356E-04  -2.5812470575E-03
    9     -1.1675934699E-02   1.5598856842E-02   3.3865670333E-04   5.9368562337E-06  -2.2410712185E-04
   10     -1.9027197136E-02   4.0836867804E-02   1.1918934582E-03  -1.4534365010E-03  -5.3972499805E-04
   11      8.4272300148E-03  -1.8461482674E-02   3.8699960642E-04   1.0861746448E-04  -4.0681139146E-04
   12     -8.6534843099E-04  -6.7742627644E-04  -4.6042041737E-03   9.6014055802E-03  -4.0589044275E-02
   13     -4.5701989525E-04   3.2264266499E-04  -1.8805047114E-03   7.5135955993E-03  -3.7155756589E-03
   14      1.4087727867E-04  -9.1337294575E-04  -7.5565296136E-03   9.5242469893E-03  -3.5898601700E-02
   15     -2.9550426184E-03   4.6500081637E-03  -2.9518832685E-02   2.1463640262E-02   3.1158082144E-02
   16      5.1608853858E-05   1.2361122660E-04   1.7343898345E-03   4.2105556212E-03  -2.8213950300E-03
   17      4.0502758552E-04  -7.2109875483E-04   6.2313590041E-03  -5.2730838339E-03  -4.4400640317E-04
   18     -1.1091003855E-03   3.5210500091E-04  -5.7009558261E-04  -3.8889181063E-02   6.0979044314E-04
   19     -2.8886424326E-03   1.7733896629E-03  -2.8934825477E-03  -4.0600517648E-02  -6.0039830692E-04
   20      1.3555795156E-04  -3.6794388051E-04  -1.4466604934E-03  -1.0731143991E-02   6.3816718192E-03
   21     -8.4129106297E-03  -6.3985977711E-02  -1.2301916849E-01   3.9596531596E-02   5.7510851256E-02
   22     -6.9229519147E-02  -7.2495849383E-03   3.8166832386E-02  -8.2229794857E-02  -4.7929983868E-02
   23     -1.4655833359E-02  -1.1212316888E-01   3.2092790834E-02  -3.7469784142E-02  -1.4113336285E-01
   24      1.6660971755E-02  -6.2727507603E-03  -4.4274416480E-02   1.2168203295E-02   8.5214288499E-03
   25      5.3627694353E-01   4.4810201148E-02   2.1290671714E-02  -1.7157090277E-02  -2.8016059676E-03
   26      4.4810201148E-02   4.9321667436E-01   1.7090521975E-02   2.2245362139E-03   1.5479830187E-02
   27      2.1290671714E-02   1.7090521975E-02   4.8519126416E-01   8.8413662297E-04   4.1735334955E-02
   28     -1.7157090277E-02   2.2245362139E-03   8.8413662297E-04   5.9347798101E-01  -5.2246807615E-02
   29     -2.8016059676E-03   1.5479830187E-02   4.1735334955E-02  -5.2246807615E-02   5.7040593408E-01
   30     -4.8441587486E-02  -2.0011687843E-02   1.6892699768E-03  -3.0051634684E-03  -2.7555137486E-03
   31     -1.3340313273E-01  -2.2872529807E-02  -6.1202676827E-03   6.1109257914E-03   5.0420608029E-03
   32     -1.8206774010E-02  -4.0299282752E-02  -3.3410451545E-03   4.6799181965E-04   2.5076961773E-03
   33      3.1683145391E-03  -8.9617661402E-04  -1.7023783090E-01  -3.6624600693E-02  -3.4134506684E-02
   34      3.4732624495E-03  -4.8152974946E-03  -4.8624332107E-02  -8.0479376854E-02  -6.2159034594E-03
   35      1.3172469050E-03  -4.2681552853E-03  -4.9426747630E-02  -5.8333896768E-03  -7.6217150654E-02
   36      2.5704358051E-03   2.2231731456E-03  -5.2384847112E-02  -1.7826379326E-02  -3.6998819971E-03
   37     -2.0984532164E-04  -1.7013885125E-03  -1.6799244321E-02  -3.1095610824E-01   2.1687090457E-02
   38     -3.9266452457E-04  -2.1686353726E-03  -1.3076698780E-03   2.6188805237E-02  -5.3410518525E-02
   39     -2.7612680605E-03   6.1854176545E-03  -6.1109087866E-02   1.2317643468E-02  -4.7544985198E-02
   40      2.7343591630E-03  -1.5308667729E-03   1.5054027994E-02  -8.1319240754E-02   8.5168159315E-02
   41      2.1619056756E-03  -3.7283150234E-03  -4.1689904485E-02   7.7783193178E-02  -2.7995255847E-01
   42      7.9871472809E-03  -4.8044339460E-03   5.2093847239E-04  -1.8273673193E-04  -5.6171890507E-04
   43      1.0987849872E-02  -4.9724010061E-03   1.5205567639E-03  -9.3190151183E-04  -1.2660334065E-03
   44      2.1478292116E-03   3.1381418314E-03   5.9479992612E-04  -2.5619967209E-04  -3.5140137911E-04
                   30                 31                 32                 33                 34        
    0      5.8816413115E-03  -8.2672899778E-03   1.6249417855E-02   2.6818940329E-03   4.6072992544E-04
    1      4.1145093721E-04  -1.6590854942E-02   3.9605200929E-02  -1.7853049503E-03  -2.2705659521E-03
    2     -5.7416218655E-04   9.7170686051E-03  -2.1102627008E-02   1.4912715796E-03   1.3453918465E-03
    3      4.5712707665E-03  -2.2629442475E-03  -3.1204544982E-04   3.4330343845E-03   2.5376399060E-03
    4      2.3204623734E-02  -1.7029026293E-02  -3.3239226852E-02  -2.1754199731E-03  -2.2702477571E-03
    5      1.7003100234E-02  -1.3897538567E-02  -2.0293554754E-02  -1.8011713525E-03  -8.8946649564E-04
    6     -1.1203103279E-01   5.1319909654E-02   4.6286128568E-02   2.0892343586E-03   1.6216127843E-04
    7      4.7734183813E-02  -1.4509860548E-01  -7.4843703450E-02   1.9674854106E-04  -1.4477090891E-04
    8      5.4048974078E-02  -8.9487034560E-02  -1.5015010518E-01  -2.8945313442E-04  -3.2758613539E-04
    9     -8.0052630047E-02   8.1474060962E-03  -1.2516304008E-02   7.3510989903E-04   2.4639325041E-04
   10      9.7427837805E-03  -1.6733016718E-01   9.8484444864E-02   9.9610306431E-04  -3.8598782177E-04
   11     -1.7849114979E-02   1.1458019559E-01  -1.8277386072E-01  -9.7891507718E-04   2.1619275280E-04
   12      6.8452931442E-04   4.1396417470E-04  -7.4156436748E-04  -1.0350115113E-01   7.5125928173E-03
   13      8.8365397967E-05  -3.0424646651E-04   2.1079782169E-04   1.2210781913E-02  -8.3341649939E-02
   14      8.4131815974E-04   3.5956638158E-04  -1.6510953209E-03  -6.6239628374E-02   3.3373285784E-02
   15      5.5457388742E-05   1.7300250815E-03  -7.8547082705E-05  -1.9397913658E-01   4.0570862319E-02
   16      1.6151115269E-04  -4.6309372301E-04  -1.4825504137E-04   4.7675713720E-02  -9.4228041142E-02
   17      1.0948602198E-04  -4.3227574276E-04  -4.7847885223E-04   7.2966930369E-02  -2.9833096157E-02
   18      6.4978265816E-04   1.1882924644E-04  -5.2374935319E-04  -9.2339138552E-02  -3.8992961459E-02
   19      1.0787992382E-03  -8.6651237245E-04  -6.5415266902E-04  -5.0976934655E-02  -2.5410721135E-01
   20      2.5094218172E-04  -3.9644907202E-05  -3.5792447686E-04  -1.4545633783E-03   3.2538583079E-03
   21     -4.1339403599E-02   2.0809872292E-02  -1.1244809330E-02  -2.3228199011E-02   2.5607013584E-02
   22     -2.2492834612E-02   7.2761369210E-03  -4.1624193846E-03   1.4016967092E-03  -3.4754411055E-03
   23     -1.5167170318E-02   5.0685593237E-03  -2.2068053440E-03   5.0637453681E-03   3.0420557375E-03
   24     -1.1560396592E-01  -6.7846285502E-02  -2.1896554877E-02  -1.2835432232E-02  -1.3504046980E-03
   25     -4.8441587486E-02  -1.3340313273E-01  -1.8206774010E-02   3.1683145391E-03   3.4732624495E-03
   26     -2.0011687843E-02  -2.2872529807E-02  -4.0299282752E-02  -8.9617661402E-04  -4.8152974946E-03
   27      1.6892699768E-03  -6.1202676827E-03  -3.3410451545E-03  -1.7023783090E-01  -4.8624332107E-02
   28     -3.0051634684E-03   6.1109257914E-03   4.6799181965E-04  -3.6624600693E-02  -8.0479376854E-02
   29     -2.7555137486E-03   5.0420608029E-03   2.5076961773E-03  -3.4134506684E-02  -6.2159034594E-03
   30      6.3167518561E-01  -4.9976717739E-02   4.4932211536E-02  -2.1579811392E-03  -6.9510281655E-04
   31     -4.9976717739E-02   5.3780664154E-01  -1.8628696741E-02  -1.5494956424E-03   3.4088087000E-04
   32      4.4932211536E-02  -1.8628696741E-02   4.7336343297E-01   1.7412007862E-03   1.6815044313E-04
   33     -2.1579811392E-03  -1.5494956424E-03   1.7412007862E-03   5.8693087764E-01   3.0237153853E-02
   34     -6.9510281655E-04   3.4088087000E-04   1.6815044313E-04   3.0237153853E-02   5.2795821166E-01
   35     -5.5179518707E-04  -8.6782879563E-04   1.9835305910E-03   3.0696476659E-02   7.2719251595E-03
   36     -1.3712764144E-03   1.8238839525E-03   7.2258355191E-04   2.5811612711E-03  -3.0359037178E-02
   37      1.2870117232E-03  -1.3033180462E-03  -6.9421995817E-04  -2.0531767668E-05  -1.3924576530E-02
   38      1.0825963086E-04  -3.1360431604E-04   1.5645144604E-03  -3.2903726973E-03  -1.1351855868E-02
   39     -8.7292075573E-04   3.4930399099E-04   9.8193699911E-04  -6.3240651858E-04   1.2408280237E-02
   40     -4.0015117119E-04   2.9523130149E-04   1.2927063075E-03  -3.0870951516E-03   2.7854355822E-03
   41      6.0679123310E-04  -6.1911796929E-04  -7.8449645231E-04  -2.9941487073E-03   4.6376846526E-03
   42     -2.9177792636E-01   5.1252503692E-02  -6.0383225649E-02   4.5996447035E-04   1.7119554947E-04
   43      4.1360130127E-02  -6.9440859187E-02   1.0379365780E-02   4.4068603175E-04   7.0078804894E-05
   44     -6.0867272838E-02   1.2359610847E-02  -5.9320943347E-02  -7.1917691372E-06   2.3482321724E-05
                   35                 36                 37                 38                 39        
    0     -2.3930190648E-04  -7.6221563877E-04   3.5418352884E-04  -1.8406046348E-04  -1.0447725998E-03
    1      4.7738501602E-04   6.3050504658E-05  -2.0672514744E-04  -2.5333328064E-04   1.6097909390E-03
    2     -5.9686387864E-04  -9.3840454135E-04   5.6726109497E-04   1.2779149659E-03  -1.9970924821E-03
    3      2.7140516946E-03  -1.8867507655E-03   7.6195351112E-04   1.1587188979E-03  -2.5418067528E-04
    4     -1.9337211695E-03  -2.3859589023E-05  -2.7670746617E-05  -1.6442758436E-04   3.2712337941E-04
    5     -1.3170172464E-03   5.2382062612E-04  -1.4831985226E-04  -3.9261813278E-04  -8.5620485089E-04
    6      3.7958996171E-04  -1.4289402519E-04  -1.7804802827E-03   3.5272703016E-04   2.9175170361E-05
    7     -2.7035757171E-04  -1.0849919547E-03   5.6299377096E-04  -1.7089868260E-04  -4.0533184323E-04
    8     -3.7957066622E-04  -1.0452384579E-03   5.7555991613E-05  -5.8043656457E-04  -5.7531234600E-04
    9     -2.6635349326E-06   2.7561620352E-04  -1.0313368245E-04  -2.2872156043E-04   1.8470957566E-05
   10      6.3886419415E-04  -4.5259092607E-04   1.9149122918E-04   3.6046723858E-04   2.3567114230E-04
   11     -1.0888957520E-03   5.1152525165E-05   1.7205387037E-04  -5.8656284491E-04  -4.6085904975E-04
   12     -5.5711877789E-02   9.6970158212E-04   4.1073248883E-04   6.3991526892E-04  -6.8249262021E-03
   13      3.6235374866E-02   1.9509853021E-03   1.6386247295E-03   5.8200443984E-04  -1.5661780938E-03
   14     -2.3494554836E-01   3.5693464245E-04  -4.8547357866E-05   6.4290421645E-04  -5.0278162032E-03
   15      6.5382145402E-02   5.7007400612E-04  -2.8824335861E-04   9.4746213465E-04   6.3758861463E-04
   16     -3.1065643864E-02   1.5262662279E-03   2.2405894212E-03   7.3969694127E-04  -5.4910938237E-04
   17     -1.1961225458E-01  -2.1918152192E-04   1.7333913160E-04  -5.4687793927E-04   1.5513709269E-03
   18     -2.9003939586E-03  -6.5847083396E-03  -1.4589285115E-03  -1.5103862864E-03   1.2439830960E-03
   19      1.9376050422E-03  -5.7961409337E-03   4.9270529091E-04  -2.0252459227E-03   1.7697732649E-04
   20     -7.5146419367E-02  -2.0235231412E-03  -8.5371966308E-04   4.4464469979E-04   1.9774439668E-03
   21      3.5728466435E-02  -9.1191217986E-03   1.1142402115E-02   9.3396524409E-03  -5.7201678786E-03
   22     -1.8249611234E-04   2.9543036034E-02  -8.9614035184E-03  -2.6249369098E-02  -1.7212466348E-03
   23     -2.3655238604E-04   6.4984515562E-03  -7.0791161663E-03  -2.1895801559E-03   2.9991927585E-02
   24     -1.7361530825E-03   5.6670178515E-03  -3.4706717096E-03  -3.4596283572E-03   4.8530618466E-03
   25      1.3172469050E-03   2.5704358051E-03  -2.0984532164E-04  -3.9266452457E-04  -2.7612680605E-03
   26     -4.2681552853E-03   2.2231731456E-03  -1.7013885125E-03  -2.1686353726E-03   6.1854176545E-03
   27     -4.9426747630E-02  -5.2384847112E-02  -1.6799244321E-02  -1.3076698780E-03  -6.1109087866E-02
   28     -5.8333896768E-03  -1.7826379326E-02  -3.1095610824E-01   2.6188805237E-02   1.2317643468E-02
   29     -7.6217150654E-02  -3.6998819971E-03   2.1687090457E-02  -5.3410518525E-02  -4.7544985198E-02
   30     -5.5179518707E-04  -1.3712764144E-03   1.2870117232E-03   1.0825963086E-04  -8.7292075573E-04
   31     -8.6782879563E-04   1.8238839525E-03  -1.3033180462E-03  -3.1360431604E-04   3.4930399099E-04
   32      1.9835305910E-03   7.2258355191E-04  -6.9421995817E-04   1.5645144604E-03   9.8193699911E-04
   33      3.0696476659E-02   2.5811612711E-03  -2.0531767668E-05  -3.2903726973E-03  -6.3240651858E-04
   34      7.2719251595E-03  -3.0359037178E-02  -1.3924576530E-02  -1.1351855868E-02   1.2408280237E-02
   35      5.2299089667E-01   4.3806739796E-03   2.6756478386E-03   6.7085671242E-04  -2.8733683578E-02
   36      4.3806739796E-03   5.9876936243E-02   1.1838915970E-02  -5.4211125220E-03   2.3483284442E-03
   37      2.6756478386E-03   1.1838915970E-02   3.3713052429E-01  -1.5798437541E-02  -1.8792383475E-03
   38      6.7085671242E-04  -5.4211125220E-03  -1.5798437541E-02   5.4295611991E-02   2.7648051427E-03
   39     -2.8733683578E-02   2.3483284442E-03  -1.8792383475E-03   2.7648051427E-03   6.7392191500E-02
   40     -1.0461351530E-02   6.5200576343E-03  -6.9100262482E-03   2.8755355861E-02  -1.8374867283E-02
   41     -1.1762521903E-02  -1.3508697879E-03   8.6682211474E-04   1.0813602063E-03   4.1819370919E-02
   42      1.4771556182E-04  -3.7021506972E-05  -8.1678224967E-06   9.4824777184E-05  -6.4337133398E-05
   43      1.6191830301E-04  -2.8019105728E-04   2.4274505967E-04   1.0138677075E-04  -1.7380132570E-04
   44     -7.4333894013E-05  -6.2991616322E-05   1.1609888319E-04  -1.0257771774E-04  -6.9725098117E-05
                   40                 41                 42                 43                 44        
    0      5.5622458571E-04  -1.2796309921E-03   1.6820998696E-03   1.6692965993E-03   2.7775123149E-04
    1     -1.3165953336E-03  -4.4033788514E-04  -9.2489761810E-04  -6.5439252251E-05  -1.2724943466E-03
    2      3.3729528167E-04   2.9443803991E-03   1.2163361040E-03   1.9887721133E-04   8.2466175599E-04
    3     -1.3383383779E-04   4.8697000611E-04   2.2850437278E-03   1.2204869518E-03   3.2511192652E-04
    4     -3.6810147275E-04  -2.9649504579E-04  -9.0679712426E-04   5.7805045090E-04   7.3153557780E-04
    5      3.6633091651E-04   2.4159931652E-04  -3.1405505433E-04   9.2847259159E-04   3.7811997217E-04
    6      6.7186276963E-04  -9.3438300235E-04  -9.9282496215E-03   2.6424802008E-02   3.4046830790E-02
    7     -3.2159881621E-04   1.0816330287E-05   9.2115309198E-03  -5.8123969722E-03  -1.7250366330E-02
    8     -6.8813181100E-04   5.5981678501E-04   8.7224379279E-03  -8.4082280315E-03  -3.7598512616E-03
    9     -1.9895256205E-05   4.2519695911E-05   8.7813183366E-03   2.1654999566E-02  -2.6291300764E-02
   10      6.6564408587E-05  -2.4296373076E-05   6.5081961522E-04  -8.4008362737E-03   2.0176668888E-02
   11     -3.1621811356E-04   2.4777409012E-04  -2.5684633592E-03   2.0604687283E-02  -1.9585054743E-02
   12     -2.4576072958E-03  -8.5534461320E-04  -1.0194115135E-04  -9.0246014674E-05   1.9570412815E-05
   13      7.3836180108E-04  -6.0990644957E-04  -1.3191008067E-05   2.0847651959E-05  -1.1540468329E-05
