
$orca_hessian_file

$act_atom
  0

$act_coord
  0

$act_energy
        0.000000

$multiplicity
  1

$hessian
45
                    0                  1                  2                  3                  4        
    0      7.4857081150E-02  -1.8211024582E-02   4.9442022601E-03   1.2152611844E-02  -3.8913102903E-03
    1     -1.8211024582E-02   2.6754426263E-01  -1.2204766410E-01  -2.2812654185E-03   6.4381118962E-03
    2      4.9442022601E-03  -1.2204766410E-01   1.4926560513E-01   6.5630502207E-03   4.4260107651E-02
    3      1.2152611844E-02  -2.2812654185E-03   6.5630502207E-03   8.2247686842E-02  -1.8985582974E-02
    4     -3.8913102903E-03   6.4381118962E-03   4.4260107651E-02  -1.8985582974E-02   9.0123596804E-02
    5      6.6661376067E-03   2.7700798804E-02  -6.7347935736E-02  -5.1614751099E-02   6.2807150805E-02
    6     -2.8903824595E-03  -6.9745820289E-03  -4.0945043118E-04   5.6129746993E-04   4.6713479457E-04
    7     -6.9460453573E-03  -8.8059912391E-03  -8.9590006676E-04  -4.5517081097E-04   2.7343583087E-03
    8      9.3362210825E-04  -1.5692216621E-03   2.0613585697E-03   4.3328989804E-04  -2.8067954382E-05
    9      1.5136405736E-03  -3.7821842915E-03   1.8510966079E-04   3.4719889167E-03  -2.5485567370E-03
   10     -2.8844151436E-03   4.1089392458E-03  -1.8440629059E-03  -8.5310810808E-04   2.2705354197E-03
   11      8.4578487690E-04  -9.6635871594E-04   1.1854763507E-03  -7.6299018871E-04   2.1986425966E-03
   12     -4.6565662702E-04   5.0540788758E-04  -3.3066431274E-04  -9.8037447100E-04   1.6605785577E-04
   13      1.4019971894E-04   1.0019705602E-04   2.5977592035E-05   1.9391044614E-04   1.4869970797E-04
   14      4.2987762177E-04  -8.6115050486E-04   9.9119059488E-04   4.6484110731E-04   3.4788782213E-04
   15     -7.6865038719E-04   1.7596950930E-03  -6.4121546774E-04  -1.0194255755E-03   8.9419523015E-04
   16     -9.2824818557E-05   2.6010901850E-04  -2.9824427626E-05  -7.8302416786E-05   1.5849923845E-04
   17     -2.0988653338E-05  -6.3676133481E-05   1.5951587039E-04  -1.3513336789E-04   1.2314525298E-04
   18     -9.4124638035E-04   3.1309920194E-04  -3.1015769091E-04  -5.8425303659E-04   6.3840142149E-05
   19      6.1119933566E-04   9.9040302785E-04  -2.5902984564E-04   5.5011461205E-04   2.1642504853E-04
   20      3.4999020360E-05  -2.7674804063E-04   2.2930965421E-04  -1.5858723189E-04   1.5743434982E-05
   21     -1.5446592692E-02   4.5557170727E-02  -1.5033366793E-02  -2.4280287322E-02   2.6033514137E-02
   22      4.9345804666E-02  -4.2005731323E-02   1.5181478627E-02   2.4950910166E-02  -2.4693165640E-03
   23     -1.9741868806E-02   2.0138531311E-02   6.9568666878E-03   4.8726113274E-02  -2.7537284203E-02
   24     -7.8437482311E-02  -1.9174069325E-02   3.0440483087E-03  -8.1043206659E-02  -2.8702819802E-03
   25     -8.4336302406E-03  -1.9180858154E-01   5.6562649407E-02   1.3844119256E-03  -8.8660362987E-02
   26     -2.9340223543E-03   5.2858873399E-02  -9.4975582096E-02   1.3133218153E-02  -5.0095224824E-02
   27      4.2184766165E-03  -9.4565265259E-03   2.6059000578E-03   4.8101269235E-03  -4.8908304289E-03
   28      2.5624882926E-03  -5.7910451886E-03   1.9184091449E-03   3.3634983293E-03  -3.0889056428E-03
   29      1.3382518303E-03  -3.2731578288E-03   9.2742849241E-04   1.8502969088E-03  -1.0869605116E-03
   30      5.0393327802E-03   9.6598240273E-03  -2.2968703616E-03   6.0659569764E-03   7.9889353278E-03
   31     -1.3306616593E-02  -3.5067526824E-02   6.2535157269E-03  -4.1829811698E-03  -5.8171262017E-03
   32      9.5358827988E-03   2.7763714132E-02   8.0303345407E-04  -1.8432343402E-02  -3.1269419897E-02
   33      2.8732784086E-03  -2.1420079384E-03   1.4284147166E-03   3.2837399297E-03  -7.4211025453E-04
   34     -2.9135481367E-05   1.0317198842E-04  -1.1242704980E-04  -6.8314219124E-04   6.5899547293E-05
   35     -8.2612745826E-04   1.2352179547E-03  -1.2641197396E-03   4.2960096709E-04  -4.3158312115E-05
   36     -6.3184046662E-04   3.2418634198E-03  -1.3615053502E-03  -5.6283318174E-04   8.7592481637E-04
   37      1.0399765550E-03   2.4419505707E-03  -3.5231644244E-04  -2.6813775191E-04   4.9860837850E-04
   38     -5.4747353896E-04   1.3289510499E-04  -7.2826279870E-04  -2.6504187680E-04  -2.7134604519E-04
   39     -6.6816999089E-04   8.8476892998E-04   2.0686485394E-04  -1.1719997558E-03   1.1078753006E-03
   40     -1.1599786754E-06   6.0422867897E-04  -2.1387651210E-04  -2.6587487078E-04   3.1693765702E-04
   41     -2.9087716998E-04   5.1196293424E-04   8.9584056784E-05   8.0850971770E-04   1.1740253404E-03
   42     -4.0440005860E-04  -5.5693989372E-05   1.5064482043E-03  -2.9510289010E-03  -3.6239530493E-03
   43      2.5201873116E-04   8.8750200366E-04   1.4360212140E-03  -2.4341316562E-03  -2.9359606109E-03
   44     -4.6820801732E-04  -1.1670746738E-03   1.6465315050E-03  -1.1832218924E-03  -6.7521665324E-04
                    5                  6                  7                  8                  9        
    0      6.6661376067E-03  -2.8903824595E-03  -6.9460453573E-03   9.3362210825E-04   1.5136405736E-03
    1      2.7700798804E-02  -6.9745820289E-03  -8.8059912391E-03  -1.5692216621E-03  -3.7821842915E-03
    2     -6.7347935736E-02  -4.0945043118E-04  -8.9590006676E-04   2.0613585697E-03   1.8510966079E-04
    3     -5.1614751099E-02   5.6129746993E-04  -4.5517081097E-04   4.3328989804E-04   3.4719889167E-03
    4      6.2807150805E-02   4.6713479457E-04   2.7343583087E-03  -2.8067954382E-05  -2.5485567370E-03
    5      3.3198115132E-01  -9.3180087368E-04  -2.2283320987E-03   6.9113731842E-03  -2.1564516476E-03
    6     -9.3180087368E-04   6.9197260997E-02   1.7676854013E-03  -3.7826453642E-03  -5.5652880117E-03
    7     -2.2283320987E-03   1.7676854013E-03   2.8184020849E-01  -1.5643314735E-01   3.6054710667E-02
    8      6.9113731842E-03  -3.7826453642E-03  -1.5643314735E-01   1.6454124687E-01  -1.9877797199E-02
    9     -2.1564516476E-03  -5.5652880117E-03   3.6054710667E-02  -1.9877797199E-02   3.2923127676E-01
   10      2.0659639417E-03   4.5239508647E-02  -4.0105174318E-02   1.6492512374E-02  -1.2594413122E-01
   11      4.5229651940E-03  -2.5662453030E-02   1.9569233398E-02   8.3137264338E-03  -2.1603775057E-02
   12      1.4178056919E-04  -1.8624703367E-04  -2.5958566471E-04   5.2908737984E-05  -4.8866903599E-04
   13      2.3256428863E-04   4.3170329472E-05   3.1222043501E-04  -8.3400401238E-05   1.4428543967E-04
   14      1.1630372958E-03   1.3766111261E-04   1.6268309555E-05   3.4981859198E-04   4.4585211155E-04
   15      1.5360361397E-03  -3.8750986050E-04  -5.5387148716E-04   1.7605738589E-04  -1.6486212703E-03
   16      1.1848030195E-04  -5.5388495878E-05   2.5459451257E-04  -9.8452777085E-05  -7.1113966635E-05
   17      3.0188788071E-04  -2.8283184508E-05  -4.3761574323E-06   9.3432995482E-05  -3.4151148467E-05
   18      4.0163289369E-04  -2.1852658288E-04  -2.6066983532E-04   4.9658223423E-05  -4.8011587732E-04
   19     -3.5929773589E-04   8.6955727060E-05   1.0620665683E-03  -5.0042112084E-04   3.8268201445E-04
   20      3.3934957014E-04   1.8231753986E-05  -2.3353207627E-04   2.3445036650E-04   9.9962862730E-06
   21      4.0309933307E-02  -1.0821287610E-03  -4.2147195513E-03   1.2148383491E-03  -1.2109179481E-02
   22     -2.0321356018E-02  -1.7726508500E-03   1.3722830679E-03  -7.8617500073E-04  -7.6163815438E-03
   23     -2.1970219508E-02  -4.0613195624E-04  -2.2277052612E-03   2.0980037347E-03  -4.7659081395E-03
   24      3.7485154931E-03   3.6523544601E-03   3.6671126923E-03  -2.9918342258E-03  -4.3696487822E-02
   25     -5.5486025028E-02  -1.5658498945E-02  -3.5807372022E-02   4.9150985090E-03   2.9148734106E-02
   26     -2.1097886067E-01   1.7580360799E-02   3.1649128821E-02  -3.7110701278E-03   7.7497445373E-03
   27     -7.9625258111E-03   1.3802001987E-03   1.3784052824E-04   6.3098584985E-05   1.5084580870E-03
   28     -4.1018137664E-03   3.1368060539E-04   1.2137835894E-03  -1.9790268126E-04   3.0340725450E-03
   29     -2.7773298799E-03   5.0191115474E-04   2.5382636866E-04  -4.1640870962E-04   1.8254825409E-03
   30      1.2728410624E-02  -7.2200516880E-02  -2.9775251380E-02   2.0784199327E-02  -2.5040283006E-01
   31     -9.0477168995E-03  -1.8502191450E-02  -1.9786267042E-01   9.4733342084E-02   5.8863871771E-02
   32     -4.3432728046E-02   1.1184546046E-02   9.9046247195E-02  -1.5746497842E-01   3.5216049646E-02
   33     -1.6776460454E-03   8.7801433570E-04   1.0629030470E-03  -2.3149852953E-04   2.2145799943E-03
   34      5.5265728588E-04  -7.1616300586E-05  -1.9583590492E-03   8.0682446596E-04  -1.3073115889E-03
   35     -5.1505468118E-04  -1.8155102024E-04  -2.0292261217E-05  -6.0861765476E-04  -9.9914629158E-04
   36      4.5526286597E-04  -1.3783596768E-04   3.4039793108E-04  -1.2045338856E-04  -4.5593559613E-04
   37      5.5615458201E-04  -1.8832986510E-04   4.7474826083E-05  -5.3028759277E-05  -3.4370023868E-04
   38     -2.0044898647E-04  -2.6238942737E-05   5.8517449156E-05  -9.3031677292E-06  -7.1599584074E-05
   39      3.0809302919E-03  -1.3195139290E-04  -2.3675264181E-04   1.2494894466E-04  -5.3313258203E-04
   40      8.2540041315E-04  -3.6243219488E-05  -2.1204102043E-04   1.3249262798E-04  -2.1798713790E-04
   41      1.8972639236E-03  -7.5412717269E-05  -8.8938936658E-05   6.0668916640E-05  -2.8111317513E-04
   42     -4.5823155008E-03   7.1312594884E-03  -2.8435606739E-04   3.1398478652E-03  -2.2559684603E-02
   43     -3.2346533788E-03  -4.7028618219E-03  -4.0853817320E-03   4.2657191926E-02   1.4120528269E-02
   44      1.0554913780E-04   2.1130159355E-03   1.1551358380E-02  -2.2453701586E-02   4.5113310681E-03
                   10                 11                 12                 13                 14        
    0     -2.8844151436E-03   8.4578487690E-04  -4.6565662702E-04   1.4019971894E-04   4.2987762177E-04
    1      4.1089392458E-03  -9.6635871594E-04   5.0540788758E-04   1.0019705602E-04  -8.6115050486E-04
    2     -1.8440629059E-03   1.1854763507E-03  -3.3066431274E-04   2.5977592035E-05   9.9119059488E-04
    3     -8.5310810808E-04  -7.6299018871E-04  -9.8037447100E-04   1.9391044614E-04   4.6484110731E-04
    4      2.2705354197E-03   2.1986425966E-03   1.6605785577E-04   1.4869970797E-04   3.4788782213E-04
    5      2.0659639417E-03   4.5229651940E-03   1.4178056919E-04   2.3256428863E-04   1.1630372958E-03
    6      4.5239508647E-02  -2.5662453030E-02  -1.8624703367E-04   4.3170329472E-05   1.3766111261E-04
    7     -4.0105174318E-02   1.9569233398E-02  -2.5958566471E-04   3.1222043501E-04   1.6268309555E-05
    8      1.6492512374E-02   8.3137264338E-03   5.2908737984E-05  -8.3400401238E-05   3.4981859198E-04
    9     -1.2594413122E-01  -2.1603775057E-02  -4.8866903599E-04   1.4428543967E-04   4.4585211155E-04
   10      1.2787680041E-01   4.0523446614E-03  -8.3002459548E-06   1.3156443361E-04   1.1003764224E-04
   11      4.0523446614E-03   6.0173816569E-02  -2.8629124868E-05   6.3271079300E-05   2.9082568324E-04
   12     -8.3002459548E-06  -2.8629124868E-05   7.3615837819E-02   1.2695237512E-03  -1.6080951013E-02
   13      1.3156443361E-04   6.3271079300E-05   1.2695237512E-03   7.9124685298E-02   1.4830132118E-02
   14      1.1003764224E-04   2.9082568324E-04  -1.6080951013E-02   1.4830132118E-02   3.8893954249E-01
   15     -3.7054195741E-05  -1.4316885828E-04   5.4899642807E-04  -1.0758311004E-02  -3.3908788326E-02
   16      1.5932501706E-04   5.3306072776E-05  -1.4159945900E-02   2.3866464848E-03  -2.5960611859E-02
   17      6.6243083574E-05   7.6653982418E-05  -4.7619499811E-02  -3.0128712846E-02  -4.8252959958E-02
   18     -1.7987290374E-05  -3.0474180309E-05   1.3865744519E-02  -3.7242061474E-03   5.0479585962E-04
   19      3.7259515043E-04   4.1220419231E-05  -1.4381808534E-03  -9.1801126077E-03   4.2249114281E-02
   20     -4.5272613128E-05   7.6483331428E-05  -2.8342231461E-03   5.7181971667E-02  -5.2379997817E-02
   21     -3.8668042227E-03  -2.6290691428E-03   5.4410880153E-04   1.4997265138E-03   1.7440538699E-03
   22     -1.2572826604E-04  -1.1352096092E-03   5.0583674966E-04   8.8057772025E-04   7.5185286238E-04
   23     -1.2093843954E-03  -5.2423830058E-05   8.3197169887E-04   8.1134163187E-04   3.5214760813E-03
   24     -5.1263569068E-03  -1.0462790952E-02   2.7677201461E-03  -4.2045634519E-04  -1.4494337534E-03
   25      3.0050913940E-03   3.8154682194E-03  -9.2493030642E-04   2.2298083734E-04   1.5605217499E-03
   26      4.1884264140E-03   1.6780853523E-03   4.8542308099E-04  -4.5773946480E-05  -1.8073429000E-03
   27     -7.0379138884E-04  -5.4482328940E-04   1.6678705507E-03   2.1432373736E-03   1.2189963816E-03
   28      3.3440511311E-04   4.4792799837E-04   3.6100298698E-03   4.0091832309E-03  -5.1564549207E-03
   29      1.3300698610E-04   3.2999740518E-04   3.4007476762E-02  -2.1671464062E-02  -4.0155199878E-02
   30      7.2364267236E-02   2.7548259587E-02   6.6891009184E-04  -8.4598375332E-05  -2.5703819366E-04
   31     -9.4729294183E-02  -1.4551775007E-02   4.4096763200E-04  -6.4559646823E-04  -5.6526032835E-04
   32     -2.0557624942E-02  -8.2130980082E-02   6.8956009803E-05  -9.8021401644E-05  -1.0454256874E-03
   33     -1.9281103661E-06   9.8198224939E-05  -8.6917424585E-02   7.7528810786E-03   4.1332797355E-02
   34     -8.0910747710E-04  -3.3946678056E-04   8.2745986614E-03  -7.8784806267E-02  -2.4295416737E-02
   35     -2.4741042136E-04  -5.5434298043E-04   3.0377028400E-02  -2.0409391571E-02  -2.5295975147E-01
   36      1.4604181554E-04  -9.1303247209E-06   7.2219569488E-04  -1.8478882897E-03   5.1972092034E-06
   37      6.0905502568E-05  -2.7324602240E-05  -6.1513612708E-04   2.0404226929E-03  -1.5081626183E-04
   38      8.1067210288E-06  -1.8070616609E-05  -3.5572856882E-04   4.0506666331E-04   5.5865190242E-04
   39      1.2165375153E-05   8.0751856395E-05  -5.3549141537E-03   3.5859362619E-03   5.2700306130E-03
   40     -2.5299310606E-05   4.1192503827E-05   2.6633033242E-03  -7.6210096311E-04  -3.0909886850E-03
   41      1.6841168898E-05   4.3940030563E-05   1.1956971562E-03  -1.0417647766E-03   6.8254810722E-04
   42      2.1764375679E-02   3.3150685994E-02  -8.0981437355E-06   5.7065563637E-05   1.9535177233E-04
   43     -2.5255581339E-03  -1.3186224737E-02  -2.4122949382E-05   1.5438409001E-05   1.2315243169E-04
   44     -3.3059752130E-03   6.0638471762E-03   3.5209833868E-05   1.9936046711E-05   1.0358696760E-04
                   15                 16                 17                 18                 19        
    0     -7.6865038719E-04  -9.2824818557E-05  -2.0988653338E-05  -9.4124638035E-04   6.1119933566E-04
    1      1.7596950930E-03   2.6010901850E-04  -6.3676133481E-05   3.1309920194E-04   9.9040302785E-04
    2     -6.4121546774E-04  -2.9824427626E-05   1.5951587039E-04  -3.1015769091E-04  -2.5902984564E-04
    3     -1.0194255755E-03  -7.8302416786E-05  -1.3513336789E-04  -5.8425303659E-04   5.5011461205E-04
    4      8.9419523015E-04   1.5849923845E-04   1.2314525298E-04   6.3840142149E-05   2.1642504853E-04
    5      1.5360361397E-03   1.1848030195E-04   3.0188788071E-04   4.0163289369E-04  -3.5929773589E-04
    6     -3.8750986050E-04  -5.5388495878E-05  -2.8283184508E-05  -2.1852658288E-04   8.6955727060E-05
    7     -5.5387148716E-04   2.5459451257E-04  -4.3761574323E-06  -2.6066983532E-04   1.0620665683E-03
    8      1.7605738589E-04  -9.8452777085E-05   9.3432995482E-05   4.9658223423E-05  -5.0042112084E-04
    9     -1.6486212703E-03  -7.1113966635E-05  -3.4151148467E-05  -4.8011587732E-04   3.8268201445E-04
   10     -3.7054195741E-05   1.5932501706E-04   6.6243083574E-05  -1.7987290374E-05   3.7259515043E-04
   11     -1.4316885828E-04   5.3306072776E-05   7.6653982418E-05  -3.0474180309E-05   4.1220419231E-05
   12      5.4899642807E-04  -1.4159945900E-02  -4.7619499811E-02   1.3865744519E-02  -1.4381808534E-03
   13     -1.0758311004E-02   2.3866464848E-03  -3.0128712846E-02  -3.7242061474E-03  -9.1801126077E-03
   14     -3.3908788326E-02  -2.5960611859E-02  -4.8252959958E-02   5.0479585962E-04   4.2249114281E-02
   15      2.7104149883E-01   1.2373009314E-01   8.2085692331E-02   1.9121192780E-04  -3.5939845314E-02
   16      1.2373009314E-01   1.5111022664E-01   4.8500514305E-02  -4.9637167493E-02  -6.0378369321E-02
   17      8.2085692331E-02   4.8500514305E-02   1.1006298350E-01   5.8821395716E-03   1.2050914093E-03
   18      1.9121192780E-04  -4.9637167493E-02   5.8821395716E-03   7.3068359140E-02  -1.2124053783E-02
   19     -3.5939845314E-02  -6.0378369321E-02   1.2050914093E-03  -1.2124053783E-02   3.5328812989E-01
   20      3.4542358060E-03  -3.2291928632E-03   1.4953608656E-02   6.5932876366E-03  -1.0428126111E-01
   21     -1.4332368946E-02   2.5874422428E-03   1.5580244810E-03   4.9723050952E-04   2.1438067003E-03
   22      7.3752580586E-03   1.5741000684E-03  -1.7506672123E-04   6.9868285295E-04   3.0063605263E-03
   23      3.1685607642E-03  -2.9839361310E-05   1.7496868451E-03  -8.2168407296E-05   9.6671305474E-05
   24      3.6983103319E-03   3.4281298942E-04   3.0628689001E-04   2.8895226551E-03  -1.6159624260E-03
   25     -6.6908931816E-03   1.7905863422E-04   1.5246115173E-04  -2.0467476128E-04  -8.9426026775E-05
   26     -2.2142633702E-03   5.4061161614E-05  -3.4483212782E-06  -4.0765255740E-04   1.2068895056E-03
   27     -3.7480249418E-02  -7.8257332711E-05  -2.8456707970E-04   2.1992473008E-03   1.8081510969E-03
   28     -2.6836275214E-02   5.0201095227E-03  -1.1479053816E-03   3.2462519563E-02  -4.2712141978E-02
   29     -1.7775328641E-02  -1.0922758563E-03   5.7110015708E-03  -1.0291714778E-02   1.5359075881E-02
   30      1.2907288519E-03   2.5884765931E-04   1.8627045423E-04   6.7646910378E-04  -2.6892800712E-04
   31      1.7398022938E-03  -5.7267567842E-04  -1.4359259436E-04   4.0504907999E-04  -1.9290678833E-03
   32      4.5797928054E-04  -1.8744524318E-05  -2.8807545595E-04   1.4911508483E-04   2.4350301713E-04
   33     -2.2173064985E-01  -6.1481476970E-02  -4.1239792088E-02  -8.6486747231E-02   4.0231276556E-02
   34     -5.3284396471E-02  -1.0210385235E-01  -1.8845569794E-02   3.0422749920E-02  -2.4452936638E-01
   35     -3.5304997997E-02  -1.8579496643E-02  -8.6286812582E-02  -4.0912651273E-03   4.7721414528E-02
   36      2.9432086827E-04  -1.2068945014E-03   5.2123645607E-04  -5.3609883224E-03   6.2300218611E-03
   37     -2.4283836686E-04   2.2025471570E-03  -8.3718079668E-04   2.1799888840E-03  -1.0491106426E-03
   38     -1.2033282685E-03   7.3161178176E-05  -4.1502738040E-04   1.9987105281E-03  -2.9731832917E-03
   39      3.1616807307E-04  -3.0560195375E-05  -1.3176007821E-03   7.1041076375E-04  -6.7432767606E-04
   40     -1.1319314401E-03  -2.6391338244E-04   1.2080490006E-03  -5.9645249674E-04   9.0623886035E-04
   41      3.3889265601E-04   2.8057298874E-04   2.0948787924E-03  -3.6177995119E-04   2.5900688498E-04
   42     -1.3759999424E-05   3.9280840774E-05   4.9926419120E-05  -2.6318489064E-05   5.6543057664E-05
   43     -9.0171923756E-05   1.3594442732E-05   1.9835071955E-05  -2.0170737728E-05   2.5375760738E-05
   44      6.4076077128E-05   2.9083452050E-05   4.2673600010E-05   3.2233459128E-05  -1.9254809934E-05
                   20                 21                 22                 23                 24        
    0      3.4999020360E-05  -1.5446592692E-02   4.9345804666E-02  -1.9741868806E-02  -7.8437482311E-02
    1     -2.7674804063E-04   4.5557170727E-02  -4.2005731323E-02   2.0138531311E-02  -1.9174069325E-02
    2      2.2930965421E-04  -1.5033366793E-02   1.5181478627E-02   6.9568666878E-03   3.0440483087E-03
    3     -1.5858723189E-04  -2.4280287322E-02   2.4950910166E-02   4.8726113274E-02  -8.1043206659E-02
    4      1.5743434982E-05   2.6033514137E-02  -2.4693165640E-03  -2.7537284203E-02  -2.8702819802E-03
    5      3.3934957014E-04   4.0309933307E-02  -2.0321356018E-02  -2.1970219508E-02   3.7485154931E-03
    6      1.8231753986E-05  -1.0821287610E-03  -1.7726508500E-03  -4.0613195624E-04   3.6523544601E-03
    7     -2.3353207627E-04  -4.2147195513E-03   1.3722830679E-03  -2.2277052612E-03   3.6671126923E-03
    8      2.3445036650E-04   1.2148383491E-03  -7.8617500073E-04   2.0980037347E-03  -2.9918342258E-03
    9      9.9962862730E-06  -1.2109179481E-02  -7.6163815438E-03  -4.7659081395E-03  -4.3696487822E-02
   10     -4.5272613128E-05  -3.8668042227E-03  -1.2572826604E-04  -1.2093843954E-03  -5.1263569068E-03
   11      7.6483331428E-05  -2.6290691428E-03  -1.1352096092E-03  -5.2423830058E-05  -1.0462790952E-02
   12     -2.8342231461E-03   5.4410880153E-04   5.0583674966E-04   8.3197169887E-04   2.7677201461E-03
   13      5.7181971667E-02   1.4997265138E-03   8.8057772025E-04   8.1134163187E-04  -4.2045634519E-04
   14     -5.2379997817E-02   1.7440538699E-03   7.5185286238E-04   3.5214760813E-03  -1.4494337534E-03
   15      3.4542358060E-03  -1.4332368946E-02   7.3752580586E-03   3.1685607642E-03   3.6983103319E-03
   16     -3.2291928632E-03   2.5874422428E-03   1.5741000684E-03  -2.9839361310E-05   3.4281298942E-04
   17      1.4953608656E-02   1.5580244810E-03  -1.7506672123E-04   1.7496868451E-03   3.0628689001E-04
   18      6.5932876366E-03   4.9723050952E-04   6.9868285295E-04  -8.2168407296E-05   2.8895226551E-03
   19     -1.0428126111E-01   2.1438067003E-03   3.0063605263E-03   9.6671305474E-05  -1.6159624260E-03
   20      1.1784499160E-01   7.5192287909E-04  -3.7253265016E-04   7.2448179251E-04   2.2077955900E-04
   21      7.5192287909E-04   5.2205009029E-01  -2.3100359281E-02   3.7828524693E-02  -2.2817651229E-01
   22     -3.7253265016E-04  -2.3100359281E-02   2.8614150855E-01   7.7278463938E-02   3.1333219980E-02
   23      7.2448179251E-04   3.7828524693E-02   7.7278463938E-02   1.5985164617E-01  -5.3172325330E-03
   24      2.2077955900E-04  -2.2817651229E-01   3.1333219980E-02  -5.3172325330E-03   5.8999859306E-01
   25      2.7009810482E-04   4.2861898553E-02  -1.1932007052E-01  -1.9867050950E-02   4.4952315963E-02
   26     -4.7913884572E-04   3.2615477577E-03  -2.3500814681E-02  -7.4563128149E-02   3.3829911098E-02
   27      1.3577995921E-03  -1.3645243048E-01  -3.3936038415E-02  -2.7256889899E-02  -6.4927793891E-02
   28     -9.8959527312E-04  -5.8259861850E-02  -1.2583815560E-01  -3.8131492386E-02   1.0241170022E-03
   29      6.8277290730E-03  -3.8293997500E-02  -3.4859982746E-02  -8.2845888406E-02  -4.4494232338E-03
   30      2.4758247551E-05  -3.3421165531E-02  -9.3775733581E-03  -7.8391142272E-03  -1.1485746171E-01
   31      2.8420149346E-04   2.1122889370E-02   9.3895412476E-03   6.9557501683E-03  -6.2059702227E-02
   32     -3.9161996358E-04   2.9674249952E-03   2.8580526191E-03   4.0980842104E-03  -2.3765342550E-02
   33     -9.0007776289E-03  -3.0838353098E-02   3.0733742682E-03   1.7490017783E-03  -1.1664174286E-02
   34      5.1574721065E-02  -3.0646806667E-02   5.9262703058E-03   3.8663775958E-03  -3.2726578607E-04
   35     -9.0652783336E-02  -2.0084808261E-02   5.9577129460E-03  -1.0325995106E-03  -4.3616305887E-04
   36      1.1756459925E-03  -1.3320577598E-02  -3.3154483331E-02   5.3236679716E-03   5.2448990463E-03
   37     -8.7863814352E-04  -1.2504235465E-02  -1.6063853442E-02   7.8650804106E-04   3.4444868337E-03
   38      9.7358833826E-04  -2.5111598041E-03  -1.5675379567E-02   6.6027388575E-03   1.1566019057E-03
   39     -1.7277439903E-03  -1.3802197973E-02  -8.3053062699E-03  -3.3130334197E-02   5.8036196856E-03
   40      9.7249411083E-04  -8.6771673453E-03  -2.5555631823E-03  -2.1899297094E-02   2.6245110278E-03
   41      1.6561076551E-03  -1.1132106431E-02  -5.6015517844E-03  -6.2229356771E-03   2.9017608837E-03
   42      4.3314659460E-05   1.7036456562E-04   2.1340238621E-05   8.4014371448E-04   8.7480995825E-03
   43      1.8003580237E-05  -5.7812779275E-04   8.7777407809E-05   9.5875406034E-04   4.1441769711E-03
   44      4.3439923392E-05   1.1990187077E-04   4.1016338395E-04   1.0842106985E-03   3.8751754395E-03
                   25                 26                 27                 28                 29        
    0     -8.4336302406E-03  -2.9340223543E-03   4.2184766165E-03   2.5624882926E-03   1.3382518303E-03
    1     -1.9180858154E-01   5.2858873399E-02  -9.4565265259E-03  -5.7910451886E-03  -3.2731578288E-03
    2      5.6562649407E-02  -9.4975582096E-02   2.6059000578E-03   1.9184091449E-03   9.2742849241E-04
    3      1.3844119256E-03   1.3133218153E-02   4.8101269235E-03   3.3634983293E-03   1.8502969088E-03
    4     -8.8660362987E-02  -5.0095224824E-02  -4.8908304289E-03  -3.0889056428E-03  -1.0869605116E-03
    5     -5.5486025028E-02  -2.1097886067E-01  -7.9625258111E-03  -4.1018137664E-03  -2.7773298799E-03
    6     -1.5658498945E-02   1.7580360799E-02   1.3802001987E-03   3.1368060539E-04   5.0191115474E-04
    7     -3.5807372022E-02   3.1649128821E-02   1.3784052824E-04   1.2137835894E-03   2.5382636866E-04
    8      4.9150985090E-03  -3.7110701278E-03   6.3098584985E-05  -1.9790268126E-04  -4.1640870962E-04
    9      2.9148734106E-02   7.7497445373E-03   1.5084580870E-03   3.0340725450E-03   1.8254825409E-03
   10      3.0050913940E-03   4.1884264140E-03  -7.0379138884E-04   3.3440511311E-04   1.3300698610E-04
   11      3.8154682194E-03   1.6780853523E-03  -5.4482328940E-04   4.4792799837E-04   3.2999740518E-04
   12     -9.2493030642E-04   4.8542308099E-04   1.6678705507E-03   3.6100298698E-03   3.4007476762E-02
   13      2.2298083734E-04  -4.5773946480E-05   2.1432373736E-03   4.0091832309E-03  -2.1671464062E-02
   14      1.5605217499E-03  -1.8073429000E-03   1.2189963816E-03  -5.1564549207E-03  -4.0155199878E-02
   15     -6.6908931816E-03  -2.2142633702E-03  -3.7480249418E-02  -2.6836275214E-02  -1.7775328641E-02
   16      1.7905863422E-04   5.4061161614E-05  -7.8257332711E-05   5.0201095227E-03  -1.0922758563E-03
   17      1.5246115173E-04  -3.4483212782E-06  -2.8456707970E-04  -1.1479053816E-03   5.7110015708E-03
   18     -2.0467476128E-04  -4.0765255740E-04   2.1992473008E-03   3.2462519563E-02  -1.0291714778E-02
   19     -8.9426026775E-05   1.2068895056E-03   1.8081510969E-03  -4.2712141978E-02   1.5359075881E-02
   20      2.7009810482E-04  -4.7913884572E-04   1.3577995921E-03  -9.8959527312E-04   6.8277290730E-03
   21      4.2861898553E-02   3.2615477577E-03  -1.3645243048E-01  -5.8259861850E-02  -3.8293997500E-02
   22     -1.1932007052E-01  -2.3500814681E-02  -3.3936038415E-02  -1.2583815560E-01  -3.4859982746E-02
   23     -1.9867050950E-02  -7.4563128149E-02  -2.7256889899E-02  -3.8131492386E-02  -8.2845888406E-02
   24      4.4952315963E-02   3.3829911098E-02  -6.4927793891E-02   1.0241170022E-03  -4.4494232338E-03
   25      5.2001124603E-01   4.3467619671E-02  -5.5635721287E-03   2.2618659081E-02   1.0278391604E-02
   26      4.3467619671E-02   4.7704078086E-01  -8.7372629131E-03   1.0558589687E-02   1.5915406833E-03
   27     -5.5635721287E-03  -8.7372629131E-03   4.8015603376E-01  -2.8435910344E-02  -1.2548895664E-02
   28      2.2618659081E-02   1.0558589687E-02  -2.8435910344E-02   5.6735119602E-01  -4.2890126793E-02
   29      1.0278391604E-02   1.5915406833E-03  -1.2548895664E-02  -4.2890126793E-02   6.0178916767E-01
   30     -6.7886429086E-02  -3.9035589704E-02  -3.5893258136E-03   3.1886577940E-04  -8.9067548684E-04
   31     -9.8624086522E-02  -4.7039592495E-02   3.5788476723E-03  -3.2770750155E-03  -2.3467777442E-03
   32     -3.5602392457E-02  -8.1728659202E-02   1.3613781707E-03  -1.4498156197E-03   1.3594590185E-03
   33      2.8228594481E-03   5.1559093633E-04  -1.5091021079E-01   5.0938200133E-02   3.3265385809E-02
   34     -7.1436999065E-03  -2.6911493993E-03   6.7379759794E-02  -9.6599160252E-02  -1.5681360861E-02
   35     -4.9117446804E-03  -1.2207098038E-03   4.4000753318E-02  -1.6397609423E-02  -8.1352184578E-02
   36     -7.2599205393E-03   1.4957504204E-03  -5.2013187945E-02   1.0421753384E-02   4.9107722285E-04
   37     -3.5557303743E-03  -2.5025085329E-04   6.1370503055E-03  -2.7044340268E-01   9.3901726565E-02
   38      2.2185625443E-04   1.6700878097E-03  -1.3302712053E-03   1.0063410803E-01  -9.6793339474E-02
   39     -3.8393943665E-03  -5.8968258594E-03  -5.0759127263E-02   5.2085303545E-03   1.0757848519E-02
   40     -1.2820438317E-03  -7.2411537532E-04   2.1486406166E-03  -5.2930981980E-02   2.6334081290E-03
   41     -2.7123413139E-03  -2.3707477694E-03   8.6215973253E-03  -3.0528397544E-03  -3.1426423921E-01
   42     -4.6469349024E-03  -1.9036789295E-02   1.9191215803E-04   2.7220307634E-04   2.3443032979E-04
   43      2.5433776342E-04  -1.9614279271E-02  -2.6651235050E-04   1.3353177516E-04   3.5268193040E-04
   44     -2.6869980566E-03  -1.0141806825E-02  -5.8641334318E-04  -5.3489923427E-05   6.8266226062E-05
                   30                 31                 32                 33                 34        
    0      5.0393327802E-03  -1.3306616593E-02   9.5358827988E-03   2.8732784086E-03  -2.9135481367E-05
    1      9.6598240273E-03  -3.5067526824E-02   2.7763714132E-02  -2.1420079384E-03   1.0317198842E-04
    2     -2.2968703616E-03   6.2535157269E-03   8.0303345407E-04   1.4284147166E-03  -1.1242704980E-04
    3      6.0659569764E-03  -4.1829811698E-03  -1.8432343402E-02   3.2837399297E-03  -6.8314219124E-04
    4      7.9889353278E-03  -5.8171262017E-03  -3.1269419897E-02  -7.4211025453E-04   6.5899547293E-05
    5      1.2728410624E-02  -9.0477168995E-03  -4.3432728046E-02  -1.6776460454E-03   5.5265728588E-04
    6     -7.2200516880E-02  -1.8502191450E-02   1.1184546046E-02   8.7801433570E-04  -7.1616300586E-05
    7     -2.9775251380E-02  -1.9786267042E-01   9.9046247195E-02   1.0629030470E-03  -1.9583590492E-03
    8      2.0784199327E-02   9.4733342084E-02  -1.5746497842E-01  -2.3149852953E-04   8.0682446596E-04
    9     -2.5040283006E-01   5.8863871771E-02   3.5216049646E-02   2.2145799943E-03  -1.3073115889E-03
   10      7.2364267236E-02  -9.4729294183E-02  -2.0557624942E-02  -1.9281103661E-06  -8.0910747710E-04
   11      2.7548259587E-02  -1.4551775007E-02  -8.2130980082E-02   9.8198224939E-05  -3.3946678056E-04
   12      6.6891009184E-04   4.4096763200E-04   6.8956009803E-05  -8.6917424585E-02   8.2745986614E-03
   13     -8.4598375332E-05  -6.4559646823E-04  -9.8021401644E-05   7.7528810786E-03  -7.8784806267E-02
   14     -2.5703819366E-04  -5.6526032835E-04  -1.0454256874E-03   4.1332797355E-02  -2.4295416737E-02
   15      1.2907288519E-03   1.7398022938E-03   4.5797928054E-04  -2.2173064985E-01  -5.3284396471E-02
   16      2.5884765931E-04  -5.7267567842E-04  -1.8744524318E-05  -6.1481476970E-02  -1.0210385235E-01
   17      1.8627045423E-04  -1.4359259436E-04  -2.8807545595E-04  -4.1239792088E-02  -1.8845569794E-02
   18      6.7646910378E-04   4.0504907999E-04   1.4911508483E-04  -8.6486747231E-02   3.0422749920E-02
   19     -2.6892800712E-04  -1.9290678833E-03   2.4350301713E-04   4.0231276556E-02  -2.4452936638E-01
   20      2.4758247551E-05   2.8420149346E-04  -3.9161996358E-04  -9.0007776289E-03   5.1574721065E-02
   21     -3.3421165531E-02   2.1122889370E-02   2.9674249952E-03  -3.0838353098E-02  -3.0646806667E-02
   22     -9.3775733581E-03   9.3895412476E-03   2.8580526191E-03   3.0733742682E-03   5.9262703058E-03
   23     -7.8391142272E-03   6.9557501683E-03   4.0980842104E-03   1.7490017783E-03   3.8663775958E-03
   24     -1.1485746171E-01  -6.2059702227E-02  -2.3765342550E-02  -1.1664174286E-02  -3.2726578607E-04
   25     -6.7886429086E-02  -9.8624086522E-02  -3.5602392457E-02   2.8228594481E-03  -7.1436999065E-03
   26     -3.9035589704E-02  -4.7039592495E-02  -8.1728659202E-02   5.1559093633E-04  -2.6911493993E-03
   27     -3.5893258136E-03   3.5788476723E-03   1.3613781707E-03  -1.5091021079E-01   6.7379759794E-02
   28      3.1886577940E-04  -3.2770750155E-03  -1.4498156197E-03   5.0938200133E-02  -9.6599160252E-02
   29     -8.9067548684E-04  -2.3467777442E-03   1.3594590185E-03   3.3265385809E-02  -1.5681360861E-02
   30      5.2381274454E-01   1.2274230094E-02  -4.8653429654E-02  -3.0266692767E-03   6.1103960921E-05
   31      1.2274230094E-02   4.9763124703E-01   3.5132691653E-02  -1.8713566513E-03   4.7910254093E-03
   32     -4.8653429654E-02   3.5132691653E-02   6.4508947206E-01  -5.2754263005E-04   2.3399038979E-04
   33     -3.0266692767E-03  -1.8713566513E-03  -5.2754263005E-04   5.7458709562E-01  -4.1312809436E-02
   34      6.1103960921E-05   4.7910254093E-03   2.3399038979E-04  -4.1312809436E-02   5.3900945349E-01
   35      3.4147203511E-05   1.4719272611E-03   2.1566315224E-03  -2.6444447836E-02   1.3443868886E-02
   36      4.1673874647E-04  -7.8686038593E-05  -1.5379360953E-04   4.0080277952E-03   2.4151518735E-02
   37      4.0976393188E-04  -2.5669904048E-05   1.7713730849E-04   1.5496523569E-04  -1.7328064768E-02
   38      1.2965762602E-04   5.2856428216E-05  -1.1239985154E-04   1.1425702506E-03  -1.0052608966E-02
   39      2.3281559036E-04   2.7032690515E-04   3.5955100200E-04   3.6702076062E-03  -2.5405064651E-03
   40      1.6746200307E-04   2.7348928236E-04  -6.3351830497E-05   1.5170250615E-03  -4.9052913156E-04
   41      2.6032374915E-04   1.5800351813E-04  -9.1480120935E-05  -3.2349274995E-04   1.4474654441E-03
   42     -6.0705727417E-02   1.1886080749E-03   3.0427016708E-02   5.9285426780E-05  -1.8180187155E-04
   43      4.0064214225E-03  -7.3534513865E-02  -7.6455006408E-02   9.3265719525E-05  -1.4887515594E-04
   44      3.7081242913E-02  -7.1288532498E-02  -2.8682033344E-01  -1.6247617629E-04  -6.6187595809E-05
                   35                 36                 37                 38                 39        
    0     -8.2612745826E-04  -6.3184046662E-04   1.0399765550E-03  -5.4747353896E-04  -6.6816999089E-04
    1      1.2352179547E-03   3.2418634198E-03   2.4419505707E-03   1.3289510499E-04   8.8476892998E-04
    2     -1.2641197396E-03  -1.3615053502E-03  -3.5231644244E-04  -7.2826279870E-04   2.0686485394E-04
    3      4.2960096709E-04  -5.6283318174E-04  -2.6813775191E-04  -2.6504187680E-04  -1.1719997558E-03
    4     -4.3158312115E-05   8.7592481637E-04   4.9860837850E-04  -2.7134604519E-04   1.1078753006E-03
    5     -5.1505468118E-04   4.5526286597E-04   5.5615458201E-04  -2.0044898647E-04   3.0809302919E-03
    6     -1.8155102024E-04  -1.3783596768E-04  -1.8832986510E-04  -2.6238942737E-05  -1.3195139290E-04
    7     -2.0292261217E-05   3.4039793108E-04   4.7474826083E-05   5.8517449156E-05  -2.3675264181E-04
    8     -6.0861765476E-04  -1.2045338856E-04  -5.3028759277E-05  -9.3031677292E-06   1.2494894466E-04
    9     -9.9914629158E-04  -4.5593559613E-04  -3.4370023868E-04  -7.1599584074E-05  -5.3313258203E-04
   10     -2.4741042136E-04   1.4604181554E-04   6.0905502568E-05   8.1067210288E-06   1.2165375153E-05
   11     -5.5434298043E-04  -9.1303247209E-06  -2.7324602240E-05  -1.8070616609E-05   8.0751856395E-05
   12      3.0377028400E-02   7.2219569488E-04  -6.1513612708E-04  -3.5572856882E-04  -5.3549141537E-03
   13     -2.0409391571E-02  -1.8478882897E-03   2.0404226929E-03   4.0506666331E-04   3.5859362619E-03
   14     -2.5295975147E-01   5.1972092034E-06  -1.5081626183E-04   5.5865190242E-04   5.2700306130E-03
   15     -3.5304997997E-02   2.9432086827E-04  -2.4283836686E-04  -1.2033282685E-03   3.1616807307E-04
   16     -1.8579496643E-02  -1.2068945014E-03   2.2025471570E-03   7.3161178176E-05  -3.0560195375E-05
   17     -8.6286812582E-02   5.2123645607E-04  -8.3718079668E-04  -4.1502738040E-04  -1.3176007821E-03
   18     -4.0912651273E-03  -5.3609883224E-03   2.1799888840E-03   1.9987105281E-03   7.1041076375E-04
   19      4.7721414528E-02   6.2300218611E-03  -1.0491106426E-03  -2.9731832917E-03  -6.7432767606E-04
   20     -9.0652783336E-02   1.1756459925E-03  -8.7863814352E-04   9.7358833826E-04  -1.7277439903E-03
   21     -2.0084808261E-02  -1.3320577598E-02  -1.2504235465E-02  -2.5111598041E-03  -1.3802197973E-02
   22      5.9577129460E-03  -3.3154483331E-02  -1.6063853442E-02  -1.5675379567E-02  -8.3053062699E-03
   23     -1.0325995106E-03   5.3236679716E-03   7.8650804106E-04   6.6027388575E-03  -3.3130334197E-02
   24     -4.3616305887E-04   5.2448990463E-03   3.4444868337E-03   1.1566019057E-03   5.8036196856E-03
   25     -4.9117446804E-03  -7.2599205393E-03  -3.5557303743E-03   2.2185625443E-04  -3.8393943665E-03
   26     -1.2207098038E-03   1.4957504204E-03  -2.5025085329E-04   1.6700878097E-03  -5.8968258594E-03
   27      4.4000753318E-02  -5.2013187945E-02   6.1370503055E-03  -1.3302712053E-03  -5.0759127263E-02
   28     -1.6397609423E-02   1.0421753384E-02  -2.7044340268E-01   1.0063410803E-01   5.2085303545E-03
   29     -8.1352184578E-02   4.9107722285E-04   9.3901726565E-02  -9.6793339474E-02   1.0757848519E-02
   30      3.4147203511E-05   4.1673874647E-04   4.0976393188E-04   1.2965762602E-04   2.3281559036E-04
   31      1.4719272611E-03  -7.8686038593E-05  -2.5669904048E-05   5.2856428216E-05   2.7032690515E-04
   32      2.1566315224E-03  -1.5379360953E-04   1.7713730849E-04  -1.1239985154E-04   3.5955100200E-04
   33     -2.6444447836E-02   4.0080277952E-03   1.5496523569E-04   1.1425702506E-03   3.6702076062E-03
   34      1.3443868886E-02   2.4151518735E-02  -1.7328064768E-02  -1.0052608966E-02  -2.5405064651E-03
   35      5.2467915047E-01  -1.3591577214E-02   8.8112170686E-03   3.3074099640E-03   2.7496958004E-02
   36     -1.3591577214E-02   5.9562023473E-02  -2.1840183613E-04   3.9470710192E-03   2.1949479612E-03
   37      8.8112170686E-03  -2.1840183613E-04   2.9754012708E-01  -1.0146979600E-01   1.0108453454E-03
   38      3.3074099640E-03   3.9470710192E-03  -1.0146979600E-01   9.4402932959E-02  -2.0386629501E-03
   39      2.7496958004E-02   2.1949479612E-03   1.0108453454E-03  -2.0386629501E-03   5.9371026451E-02
   40     -1.7670757461E-02  -1.6160231148E-03   3.6456452152E-03   2.8903612704E-02   3.4174741930E-03
   41     -1.3486601477E-02   1.7709691272E-03  -2.4657729194E-04  -9.2345999631E-03  -3.4309416626E-03
   42     -3.0268901543E-04   4.0045492938E-05   4.4609748137E-06  -1.8966802628E-05   1.2229698091E-04
   43     -2.0321582000E-04  -2.5982726627E-05  -1.1849616296E-05  -4.0170383754E-05   1.3132302865E-04
   44     -2.0961414158E-04   4.4441814241E-05   2.5489313484E-05  -3.9575923240E-06   1.5959913479E-04
                   40                 41                 42                 43                 44        
    0     -1.1599786754E-06  -2.9087716998E-04  -4.0440005860E-04   2.5201873116E-04  -4.6820801732E-04
    1      6.0422867897E-04   5.1196293424E-04  -5.5693989372E-05   8.8750200366E-04  -1.1670746738E-03
    2     -2.1387651210E-04   8.9584056784E-05   1.5064482043E-03   1.4360212140E-03   1.6465315050E-03
    3     -2.6587487078E-04   8.0850971770E-04  -2.9510289010E-03  -2.4341316562E-03  -1.1832218924E-03
    4      3.1693765702E-04   1.1740253404E-03  -3.6239530493E-03  -2.9359606109E-03  -6.7521665324E-04
    5      8.2540041315E-04   1.8972639236E-03  -4.5823155008E-03  -3.2346533788E-03   1.0554913780E-04
    6     -3.6243219488E-05  -7.5412717269E-05   7.1312594884E-03  -4.7028618219E-03   2.1130159355E-03
    7     -2.1204102043E-04  -8.8938936658E-05  -2.8435606739E-04  -4.0853817320E-03   1.1551358380E-02
    8      1.3249262798E-04   6.0668916640E-05   3.1398478652E-03   4.2657191926E-02  -2.2453701586E-02
    9     -2.1798713790E-04  -2.8111317513E-04  -2.2559684603E-02   1.4120528269E-02   4.5113310681E-03
   10     -2.5299310606E-05   1.6841168898E-05   2.1764375679E-02  -2.5255581339E-03  -3.3059752130E-03
   11      4.1192503827E-05   4.3940030563E-05   3.3150685994E-02  -1.3186224737E-02   6.0638471762E-03
   12      2.6633033242E-03   1.1956971562E-03  -8.0981437355E-06  -2.4122949382E-05   3.5209833868E-05
   13     -7.6210096311E-04  -1.0417647766E-03   5.7065563637E-05   1.5438409001E-05   1.9936046711E-05
