
$orca_hessian_file

$act_atom
  0

$act_coord
  0

$act_energy
        0.000000

$multiplicity
  1

$hessian
45
                    0                  1                  2                  3                  4        
    0      7.4117348051E-02  -1.8105378559E-02   4.9833386435E-03   1.1981843657E-02  -3.7977118904E-03
    1     -1.8105378559E-02   2.6203556698E-01  -1.1980667053E-01  -2.3277474829E-03   6.4088372393E-03
    2      4.9833386435E-03  -1.1980667053E-01   1.4784512839E-01   6.6571578780E-03   4.3570360221E-02
    3      1.1981843657E-02  -2.3277474829E-03   6.6571578780E-03   8.1725048538E-02  -1.8942642176E-02
    4     -3.7977118904E-03   6.4088372393E-03   4.3570360221E-02  -1.8942642176E-02   8.9781048458E-02
    5      6.5774423182E-03   2.7794496999E-02  -6.7753496228E-02  -5.0853808798E-02   6.2494009073E-02
    6     -2.8715900010E-03  -6.9163112197E-03  -3.1764627372E-04   5.5777232951E-04   4.0535978125E-04
    7     -6.9024384203E-03  -8.8750112394E-03  -8.1472423871E-04  -5.4112721105E-04   2.5723353189E-03
    8      9.4434845979E-04  -1.5459888605E-03   2.0220769372E-03   4.9624645019E-04  -5.7320186410E-05
    9      1.4871152472E-03  -3.8118130795E-03   2.2162366060E-04   3.3462555935E-03  -2.5154826315E-03
   10     -2.9374126670E-03   4.0273205582E-03  -1.8037497815E-03  -9.2360303518E-04   2.2344810401E-03
   11      8.8981366148E-04  -9.8845375621E-04   1.1897739607E-03  -9.8641271715E-04   2.2309526054E-03
   12     -4.4963078934E-04   5.1244184282E-04  -3.3898945086E-04  -9.6369732268E-04   1.7944135562E-04
   13      1.3415182844E-04   1.0298295812E-04   2.9232282519E-05   1.7391092194E-04   1.4302444365E-04
   14      4.1434064815E-04  -9.1942580473E-04   1.0148686842E-03   4.4563518821E-04   3.3964504691E-04
   15     -7.5707598338E-04   1.7742022531E-03  -6.5180339066E-04  -1.0020358269E-03   9.0975475911E-04
   16     -8.3300514275E-05   2.6141311557E-04  -3.1233122935E-05  -7.9971548990E-05   1.6010729794E-04
   17     -2.6271507032E-05  -5.8934361383E-05   1.5274004496E-04  -1.3110123946E-04   1.2813372797E-04
   18     -9.1779914711E-04   3.4128848247E-04  -3.1081915105E-04  -5.7922818430E-04   7.4825216455E-05
   19      5.7706444465E-04   9.7050803185E-04  -2.5383832675E-04   5.3829820064E-04   2.0227854756E-04
   20      2.8349070737E-05  -2.8687827077E-04   2.2892765486E-04  -1.5083661609E-04   1.6228454592E-05
   21     -1.5544194169E-02   4.5823361040E-02  -1.5394189911E-02  -2.4318908369E-02   2.6217667784E-02
   22      4.9033507665E-02  -4.2042953767E-02   1.5527276483E-02   2.4945774876E-02  -2.6701598248E-03
   23     -1.9819700938E-02   2.0262285467E-02   6.6575860908E-03   4.8403007858E-02  -2.7490096139E-02
   24     -7.7545298146E-02  -1.9316134903E-02   3.1198535151E-03  -8.0254784997E-02  -3.1714384042E-03
   25     -8.3755142432E-03  -1.8640901933E-01   5.4580714540E-02   1.4972246177E-03  -8.7977439575E-02
   26     -2.7312983279E-03   5.0473529398E-02  -9.2871196279E-02   1.2618376050E-02  -4.9160011269E-02
   27      4.2316683990E-03  -9.2873390638E-03   2.6631620211E-03   4.8494875051E-03  -4.8207136347E-03
   28      2.5240978368E-03  -5.5303351239E-03   1.8730899460E-03   3.3435405048E-03  -2.9634278516E-03
   29      1.2540821158E-03  -3.3472555592E-03   1.1460596281E-03   1.7575161174E-03  -1.0247627148E-03
   30      5.0583402729E-03   9.4884934542E-03  -2.3654353232E-03   6.0412618570E-03   8.0084644833E-03
   31     -1.3096311857E-02  -3.4738081431E-02   6.3394359534E-03  -4.1589771936E-03  -5.7596988538E-03
   32      9.3395043223E-03   2.7666500260E-02   7.1572264011E-04  -1.8265678780E-02  -3.1368636818E-02
   33      2.7907165409E-03  -2.2235641535E-03   1.4383861895E-03   3.1853737971E-03  -7.9531072502E-04
   34     -6.9303424580E-06   8.8348892293E-05  -1.2303739035E-04  -6.3733364562E-04   8.0584531848E-05
   35     -7.5909828946E-04   1.3382615821E-03  -1.3249431918E-03   4.4766322095E-04  -4.6325891803E-05
   36     -5.6385047159E-04   3.0909349820E-03  -1.2749492632E-03  -5.2756811999E-04   8.4629448559E-04
   37      9.5621790270E-04   2.3168418900E-03  -3.4260048604E-04  -2.7080117346E-04   4.6765299089E-04
   38     -4.9745518886E-04   1.5483587332E-04  -7.1944726662E-04  -2.5995088629E-04  -2.7083237427E-04
   39     -6.2105073067E-04   8.5751154170E-04   2.0521684262E-04  -1.0997775383E-03   1.0879266814E-03
   40     -1.0993869320E-05   5.7031464093E-04  -1.9158779227E-04  -2.9325337947E-04   2.8500487502E-04
   41     -2.8064766392E-04   4.9552850358E-04   7.7101740104E-05   7.8197634287E-04   1.1335393039E-03
   42     -3.9654272994E-04  -6.2401919981E-05   1.4683124059E-03  -2.9410429196E-03  -3.6387706951E-03
   43      2.5340947127E-04   8.1326658394E-04   1.3250583065E-03  -2.3709566653E-03  -2.9646286378E-03
   44     -4.1996571801E-04  -1.1095570014E-03   1.6190971982E-03  -1.0978450683E-03  -5.9196652000E-04
                    5                  6                  7                  8                  9        
    0      6.5774423182E-03  -2.8715900010E-03  -6.9024384203E-03   9.4434845979E-04   1.4871152472E-03
    1      2.7794496999E-02  -6.9163112197E-03  -8.8750112394E-03  -1.5459888605E-03  -3.8118130795E-03
    2     -6.7753496228E-02  -3.1764627372E-04  -8.1472423871E-04   2.0220769372E-03   2.2162366060E-04
    3     -5.0853808798E-02   5.5777232951E-04  -5.4112721105E-04   4.9624645019E-04   3.3462555935E-03
    4      6.2494009073E-02   4.0535978125E-04   2.5723353189E-03  -5.7320186410E-05  -2.5154826315E-03
    5      3.2640570084E-01  -1.0242415859E-03  -2.2469995704E-03   6.8073975405E-03  -2.1164510222E-03
    6     -1.0242415859E-03   6.8596478884E-02   7.6476836103E-04  -3.0375411035E-03  -6.1956723176E-03
    7     -2.2469995704E-03   7.6476836103E-04   2.7806748513E-01  -1.5368274585E-01   3.6728309674E-02
    8      6.8073975405E-03  -3.0375411035E-03  -1.5368274585E-01   1.6188979549E-01  -2.0132855649E-02
    9     -2.1164510222E-03  -6.1956723176E-03   3.6728309674E-02  -2.0132855649E-02   3.2479640227E-01
   10      1.9371650655E-03   4.5147113016E-02  -4.0264457077E-02   1.6466745080E-02  -1.2310172228E-01
   11      4.4345768902E-03  -2.5362518904E-02   1.9192711398E-02   8.3689891349E-03  -2.2456638450E-02
   12      1.7056501855E-04  -1.8113968974E-04  -2.5840352240E-04   5.2170084413E-05  -4.8510799759E-04
   13      2.1266894764E-04   4.1422050503E-05   3.1696693441E-04  -8.6663378728E-05   1.4051668722E-04
   14      1.1404316094E-03   1.3317389861E-04   5.3933075503E-06   3.4888818357E-04   4.5431894280E-04
   15      1.5483404197E-03  -3.8278867158E-04  -5.4712199712E-04   1.7450094646E-04  -1.6503305579E-03
   16      1.3189856002E-04  -5.4378785973E-05   2.6090895338E-04  -1.0187712214E-04  -7.7574630197E-05
   17      3.0882773378E-04  -3.1902370787E-05  -2.9119572716E-06   9.0005730231E-05  -4.0735116262E-05
   18      3.9650530205E-04  -2.0604273119E-04  -2.6368845819E-04   5.0504588159E-05  -4.7438012412E-04
   19     -3.8695628958E-04   9.4397739462E-05   1.0953996670E-03  -5.1933287601E-04   3.7906652782E-04
   20      3.4788253660E-04   1.2632150480E-05  -2.4342443559E-04   2.3588050893E-04   9.8721576698E-06
   21      4.0510638321E-02  -1.0541786312E-03  -4.2293409416E-03   1.2678202670E-03  -1.2096363606E-02
   22     -2.0449833681E-02  -1.7938680036E-03   1.3544785205E-03  -7.7838334918E-04  -7.6298719754E-03
   23     -2.2090379390E-02  -3.8177932263E-04  -2.2298060603E-03   2.1044609809E-03  -4.7143154207E-03
   24      3.2048495108E-03   3.7422717164E-03   3.9808965906E-03  -3.1630264716E-03  -4.3218420497E-02
   25     -5.4920660889E-02  -1.5275652578E-02  -3.5527917251E-02   5.0120271013E-03   2.8721027330E-02
   26     -2.0521651958E-01   1.7301348740E-02   3.1196302056E-02  -3.4927930915E-03   7.6544483399E-03
   27     -7.9641126575E-03   1.3801136253E-03   1.7998293943E-04   2.7674553526E-05   1.5249690370E-03
   28     -4.0866613916E-03   2.7229522735E-04   1.2770463376E-03  -2.6063282259E-04   3.0268605914E-03
   29     -2.4712771428E-03   5.1126086650E-04   2.2268620481E-04  -3.9885693672E-04   1.8181832609E-03
   30      1.2595642952E-02  -7.0976731333E-02  -2.9856682183E-02   2.0635774620E-02  -2.4533167659E-01
   31     -9.1103805560E-03  -1.7823660436E-02  -1.9338926179E-01   9.1919097969E-02   5.5817038477E-02
   32     -4.3060343663E-02   1.0506903446E-02   9.7091179007E-02  -1.5526224481E-01   3.6465854777E-02
   33     -1.7654425947E-03   8.6526602059E-04   1.0366180376E-03  -2.2707997965E-04   2.1969846719E-03
   34      6.2563470224E-04  -8.7289368509E-05  -2.0039481569E-03   8.4046042757E-04  -1.2897272969E-03
   35     -5.5589532740E-04  -1.7213656712E-04   5.7575290365E-06  -6.0479524708E-04  -9.9979051685E-04
   36      4.9559893342E-04  -1.5257672531E-04   3.2416402582E-04  -1.0748873535E-04  -4.5401475145E-04
   37      5.3882978411E-04  -1.7927833573E-04   4.7381556796E-05  -5.6236511541E-05  -3.1703676402E-04
   38     -2.6382621865E-04  -2.7777371273E-05   6.9734323957E-05  -1.9278648667E-05  -7.1047248628E-05
   39      2.9502219757E-03  -1.3311993768E-04  -2.4315496925E-04   1.3670975363E-04  -5.2725147796E-04
   40      7.7992111402E-04  -2.6381426154E-05  -2.1886627084E-04   1.3921584730E-04  -2.0429437844E-04
   41      1.7876600482E-03  -6.9446561043E-05  -7.5869046748E-05   4.6179935076E-05  -2.5772675465E-04
   42     -4.5876930918E-03   7.0119374624E-03  -1.4142649990E-04   2.8588957775E-03  -2.2918508896E-02
   43     -3.2160483879E-03  -4.5998914481E-03  -4.7125406385E-03   4.2691101732E-02   1.4051151452E-02
   44      1.7926035129E-04   1.9830173966E-03   1.1533250142E-02  -2.2135705707E-02   4.3283129685E-03
                   10                 11                 12                 13                 14        
    0     -2.9374126670E-03   8.8981366148E-04  -4.4963078934E-04   1.3415182844E-04   4.1434064815E-04
    1      4.0273205582E-03  -9.8845375621E-04   5.1244184282E-04   1.0298295812E-04  -9.1942580473E-04
    2     -1.8037497815E-03   1.1897739607E-03  -3.3898945086E-04   2.9232282519E-05   1.0148686842E-03
    3     -9.2360303518E-04  -9.8641271715E-04  -9.6369732268E-04   1.7391092194E-04   4.4563518821E-04
    4      2.2344810401E-03   2.2309526054E-03   1.7944135562E-04   1.4302444365E-04   3.3964504691E-04
    5      1.9371650655E-03   4.4345768902E-03   1.7056501855E-04   2.1266894764E-04   1.1404316094E-03
    6      4.5147113016E-02  -2.5362518904E-02  -1.8113968974E-04   4.1422050503E-05   1.3317389861E-04
    7     -4.0264457077E-02   1.9192711398E-02  -2.5840352240E-04   3.1696693441E-04   5.3933075503E-06
    8      1.6466745080E-02   8.3689891349E-03   5.2170084413E-05  -8.6663378728E-05   3.4888818357E-04
    9     -1.2310172228E-01  -2.2456638450E-02  -4.8510799759E-04   1.4051668722E-04   4.5431894280E-04
   10      1.2570292274E-01   4.5734718317E-03  -1.1847720527E-05   1.3217786173E-04   1.0334087554E-04
   11      4.5734718317E-03   6.0007333769E-02  -2.9409845324E-05   6.1016646251E-05   2.8857922269E-04
   12     -1.1847720527E-05  -2.9409845324E-05   7.2838241445E-02   1.2435578407E-03  -1.6116827988E-02
   13      1.3217786173E-04   6.1016646251E-05   1.2435578407E-03   7.8114843525E-02   1.3853240792E-02
   14      1.0334087554E-04   2.8857922269E-04  -1.6116827988E-02   1.3853240792E-02   3.8225965539E-01
   15     -3.8366327528E-05  -1.3906639731E-04   4.0221841103E-04  -1.0697280099E-02  -3.4329265978E-02
   16      1.5996320648E-04   4.9876023959E-05  -1.3919828345E-02   2.3153113380E-03  -2.6032545932E-02
   17      6.6562007982E-05   7.5946977812E-05  -4.7136409528E-02  -2.9759563159E-02  -4.8755245161E-02
   18     -2.0182545959E-05  -2.6982810276E-05   1.3645108973E-02  -3.7411425975E-03   5.0333850935E-04
   19      3.8351510501E-04   3.6490855192E-05  -1.5876047521E-03  -9.6773837655E-03   4.2793969469E-02
   20     -4.7577098758E-05   7.7357418251E-05  -2.5747520392E-03   5.6754899350E-02  -5.2352790803E-02
   21     -3.8882691385E-03  -2.6126257473E-03   4.6029001460E-04   1.4436372594E-03   1.7559049911E-03
   22     -1.6982458341E-04  -1.1162322745E-03   4.8686077654E-04   8.7118360970E-04   7.0690981904E-04
   23     -1.2278858397E-03  -8.6226380774E-05   7.4277753848E-04   7.9626211615E-04   3.5492038546E-03
   24     -5.1255210047E-03  -1.0234854638E-02   2.7755151177E-03  -3.8673345509E-04  -1.4376932044E-03
   25      3.1998478562E-03   3.6055307850E-03  -9.8459363436E-04   2.1325334646E-04   1.6359978573E-03
   26      4.2991030250E-03   1.6884016053E-03   4.8506959173E-04  -2.3365174613E-05  -1.7795636533E-03
   27     -6.5311863235E-04  -5.2846562139E-04   1.8457531044E-03   2.1356220747E-03   1.2060493132E-03
   28      3.4830958199E-04   4.5708985312E-04   3.4825424021E-03   4.0740132133E-03  -5.0770807492E-03
   29      1.6410914256E-04   3.3295756064E-04   3.3849838975E-02  -2.1477680320E-02  -4.0179405574E-02
   30      6.9871245836E-02   2.8027084997E-02   6.5715156087E-04  -8.6717553167E-05  -2.7272787477E-04
   31     -9.2471640248E-02  -1.4716170774E-02   4.4218613193E-04  -6.4230727539E-04  -5.4627370248E-04
   32     -2.1173635665E-02  -8.1728761490E-02   6.9653280002E-05  -8.5458050440E-05  -1.0197652432E-03
   33      6.8613241466E-06   8.4079500584E-05  -8.5873734622E-02   7.7834450337E-03   4.1774689028E-02
   34     -8.2018309499E-04  -3.2862725302E-04   8.3864705014E-03  -7.7144370366E-02  -2.3926184342E-02
   35     -2.4513956732E-04  -5.5234834153E-04   2.9979483888E-02  -1.9597351287E-02  -2.4592199610E-01
   36      1.5039903748E-04  -8.8108561995E-06   7.1649414560E-04  -1.8103945141E-03   1.8515455085E-06
   37      5.4856799246E-05  -2.1747408023E-05  -6.0828729257E-04   1.9664223128E-03  -7.0801854884E-05
   38      8.2486242351E-06  -1.8143599354E-05  -3.5245841423E-04   3.8960704481E-04   6.1261420110E-04
   39      1.2236527297E-05   8.8704272528E-05  -5.3726694654E-03   3.5558700215E-03   5.3025823448E-03
   40     -3.1119814005E-05   3.8191749506E-05   2.6690592101E-03  -7.9885083522E-04  -3.0858610784E-03
   41      1.6829835147E-05   4.1670642988E-05   1.1135025421E-03  -9.8581605954E-04   7.0829941505E-04
   42      2.1595739918E-02   3.3133049626E-02  -1.4792884971E-05   6.0877195534E-05   2.0992838697E-04
   43     -2.4861699284E-03  -1.2993594037E-02  -2.2737489148E-05   1.2732698769E-05   1.2159112300E-04
   44     -3.2180937813E-03   5.8798926286E-03   4.0488597412E-05   1.7055423523E-05   8.6225974895E-05
                   15                 16                 17                 18                 19        
    0     -7.5707598338E-04  -8.3300514275E-05  -2.6271507032E-05  -9.1779914711E-04   5.7706444465E-04
    1      1.7742022531E-03   2.6141311557E-04  -5.8934361383E-05   3.4128848247E-04   9.7050803185E-04
    2     -6.5180339066E-04  -3.1233122935E-05   1.5274004496E-04  -3.1081915105E-04  -2.5383832675E-04
    3     -1.0020358269E-03  -7.9971548990E-05  -1.3110123946E-04  -5.7922818430E-04   5.3829820064E-04
    4      9.0975475911E-04   1.6010729794E-04   1.2813372797E-04   7.4825216455E-05   2.0227854756E-04
    5      1.5483404197E-03   1.3189856002E-04   3.0882773378E-04   3.9650530205E-04  -3.8695628958E-04
    6     -3.8278867158E-04  -5.4378785973E-05  -3.1902370787E-05  -2.0604273119E-04   9.4397739462E-05
    7     -5.4712199712E-04   2.6090895338E-04  -2.9119572716E-06  -2.6368845819E-04   1.0953996670E-03
    8      1.7450094646E-04  -1.0187712214E-04   9.0005730231E-05   5.0504588159E-05  -5.1933287601E-04
    9     -1.6503305579E-03  -7.7574630197E-05  -4.0735116262E-05  -4.7438012412E-04   3.7906652782E-04
   10     -3.8366327528E-05   1.5996320648E-04   6.6562007982E-05  -2.0182545959E-05   3.8351510501E-04
   11     -1.3906639731E-04   4.9876023959E-05   7.5946977812E-05  -2.6982810276E-05   3.6490855192E-05
   12      4.0221841103E-04  -1.3919828345E-02  -4.7136409528E-02   1.3645108973E-02  -1.5876047521E-03
   13     -1.0697280099E-02   2.3153113380E-03  -2.9759563159E-02  -3.7411425975E-03  -9.6773837655E-03
   14     -3.4329265978E-02  -2.6032545932E-02  -4.8755245161E-02   5.0333850935E-04   4.2793969469E-02
   15      2.6679241302E-01   1.2110490050E-01   8.1155850194E-02  -1.4143608162E-04  -3.6417344428E-02
   16      1.2110490050E-01   1.4855341351E-01   4.7915024442E-02  -4.9215612285E-02  -6.0518753743E-02
   17      8.1155850194E-02   4.7915024442E-02   1.0911910007E-01   5.6414230515E-03   7.5148952363E-04
   18     -1.4143608162E-04  -4.9215612285E-02   5.6414230515E-03   7.2189040363E-02  -1.1433252740E-02
   19     -3.6417344428E-02  -6.0518753743E-02   7.5148952363E-04  -1.1433252740E-02   3.4812326102E-01
   20      3.4444193664E-03  -3.2757320174E-03   1.4724041575E-02   6.2374494601E-03  -1.0186511233E-01
   21     -1.4247931206E-02   2.5297273673E-03   1.5072523198E-03   4.1030098722E-04   2.1128325000E-03
   22      7.4449429945E-03   1.5353963230E-03  -1.4660418458E-04   6.4091403083E-04   2.9851270828E-03
   23      3.1977878229E-03  -1.1057298023E-05   1.7206538127E-03  -9.0430583485E-05   7.9536993169E-05
   24      3.6511163622E-03   3.3493142207E-04   3.1807285824E-04   2.9133616197E-03  -1.6089699793E-03
   25     -6.7246073350E-03   1.8483091138E-04   1.3378982336E-04  -2.6155585228E-04  -6.9266297929E-06
   26     -2.2080540048E-03   3.6011953557E-05  -1.7501414796E-05  -3.9114830715E-04   1.1899304798E-03
   27     -3.7282197864E-02  -1.7947734031E-04  -4.5157363408E-04   2.4693836304E-03   1.6016376739E-03
   28     -2.6567445118E-02   5.0267395706E-03  -1.1565450976E-03   3.2190296776E-02  -4.2694872909E-02
   29     -1.7773999265E-02  -1.0506989181E-03   5.6350605821E-03  -1.0195081323E-02   1.5257178844E-02
   30      1.2893005340E-03   2.5538803314E-04   1.8803639278E-04   6.5819980768E-04  -2.7146423217E-04
   31      1.7112772946E-03  -5.8358202358E-04  -1.4078215844E-04   4.1642526893E-04  -1.9589719857E-03
   32      4.2550084158E-04  -7.4897814744E-06  -2.7525726331E-04   1.2844935698E-04   2.8754772806E-04
   33     -2.1729517567E-01  -5.9539568243E-02  -4.0465170728E-02  -8.5256400502E-02   4.0367716995E-02
   34     -5.0521986531E-02  -9.9230590401E-02  -1.8181528947E-02   2.9714809202E-02  -2.3884775043E-01
   35     -3.3941196098E-02  -1.7931921900E-02  -8.4436540288E-02  -3.6137392633E-03   4.5369543286E-02
   36      3.0829318640E-04  -1.0845557522E-03   5.3130882325E-04  -5.3618500314E-03   6.2649015087E-03
   37     -2.4977499335E-04   2.1393789413E-03  -8.2161989950E-04   2.1206196751E-03  -1.0212662201E-03
   38     -1.2115124156E-03   7.6796049683E-05  -4.2493350639E-04   2.0120441231E-03  -3.0056818927E-03
   39      3.3810200501E-04   2.7759967477E-05  -1.1979340204E-03   6.8189056904E-04  -6.4830629349E-04
   40     -1.1606890819E-03  -2.7945488743E-04   1.1823239838E-03  -5.8398285715E-04   9.4841665287E-04
   41      3.2043267147E-04   2.7377436747E-04   2.0440525331E-03  -3.4567420941E-04   2.6968758625E-04
   42     -2.2471653025E-05   4.8794673657E-05   5.1137077616E-05  -3.0149147891E-05   7.0433793202E-05
   43     -8.7696409149E-05   1.4917886311E-05   2.1799755068E-05  -1.9168273781E-05   1.7419568225E-05
   44      7.6082713510E-05   2.8541195278E-05   3.9048572730E-05   3.9056853180E-05  -2.1731378439E-05
                   20                 21                 22                 23                 24        
    0      2.8349070737E-05  -1.5544194169E-02   4.9033507665E-02  -1.9819700938E-02  -7.7545298146E-02
    1     -2.8687827077E-04   4.5823361040E-02  -4.2042953767E-02   2.0262285467E-02  -1.9316134903E-02
    2      2.2892765486E-04  -1.5394189911E-02   1.5527276483E-02   6.6575860908E-03   3.1198535151E-03
    3     -1.5083661609E-04  -2.4318908369E-02   2.4945774876E-02   4.8403007858E-02  -8.0254784997E-02
    4      1.6228454592E-05   2.6217667784E-02  -2.6701598248E-03  -2.7490096139E-02  -3.1714384042E-03
    5      3.4788253660E-04   4.0510638321E-02  -2.0449833681E-02  -2.2090379390E-02   3.2048495108E-03
    6      1.2632150480E-05  -1.0541786312E-03  -1.7938680036E-03  -3.8177932263E-04   3.7422717164E-03
    7     -2.4342443559E-04  -4.2293409416E-03   1.3544785205E-03  -2.2298060603E-03   3.9808965906E-03
    8      2.3588050893E-04   1.2678202670E-03  -7.7838334918E-04   2.1044609809E-03  -3.1630264716E-03
    9      9.8721576698E-06  -1.2096363606E-02  -7.6298719754E-03  -4.7143154207E-03  -4.3218420497E-02
   10     -4.7577098758E-05  -3.8882691385E-03  -1.6982458341E-04  -1.2278858397E-03  -5.1255210047E-03
   11      7.7357418251E-05  -2.6126257473E-03  -1.1162322745E-03  -8.6226380774E-05  -1.0234854638E-02
   12     -2.5747520392E-03   4.6029001460E-04   4.8686077654E-04   7.4277753848E-04   2.7755151177E-03
   13      5.6754899350E-02   1.4436372594E-03   8.7118360970E-04   7.9626211615E-04  -3.8673345509E-04
   14     -5.2352790803E-02   1.7559049911E-03   7.0690981904E-04   3.5492038546E-03  -1.4376932044E-03
   15      3.4444193664E-03  -1.4247931206E-02   7.4449429945E-03   3.1977878229E-03   3.6511163622E-03
   16     -3.2757320174E-03   2.5297273673E-03   1.5353963230E-03  -1.1057298023E-05   3.3493142207E-04
   17      1.4724041575E-02   1.5072523198E-03  -1.4660418458E-04   1.7206538127E-03   3.1807285824E-04
   18      6.2374494601E-03   4.1030098722E-04   6.4091403083E-04  -9.0430583485E-05   2.9133616197E-03
   19     -1.0186511233E-01   2.1128325000E-03   2.9851270828E-03   7.9536993169E-05  -1.6089699793E-03
   20      1.1569111486E-01   7.1983236169E-04  -3.7695612348E-04   7.2820305642E-04   2.3930528534E-04
   21      7.1983236169E-04   5.2094362380E-01  -2.2971340279E-02   3.8369310645E-02  -2.2773000752E-01
   22     -3.7695612348E-04  -2.2971340279E-02   2.8406451279E-01   7.6677574043E-02   3.1037098341E-02
   23      7.2820305642E-04   3.8369310645E-02   7.6677574043E-02   1.5871689398E-01  -5.4901075340E-03
   24      2.3930528534E-04  -2.2773000752E-01   3.1037098341E-02  -5.4901075340E-03   5.8504156274E-01
   25      2.6387235671E-04   4.2092135312E-02  -1.1803872623E-01  -1.9786008554E-02   4.3783874101E-02
   26     -5.0385048898E-04   2.9103705080E-03  -2.3444294083E-02  -7.3515575173E-02   3.3236168945E-02
   27      1.3496158131E-03  -1.3596995721E-01  -3.3566893179E-02  -2.6989929673E-02  -6.3875589426E-02
   28     -9.6601351633E-04  -5.8421759885E-02  -1.2512574866E-01  -3.8039077509E-02   1.6914680005E-03
   29      6.8564679542E-03  -3.8473438783E-02  -3.4832385231E-02  -8.2288771746E-02  -4.0216030987E-03
   30      2.3064109099E-05  -3.3237879182E-02  -9.0722730044E-03  -7.8899539762E-03  -1.1325022409E-01
   31      2.9702479385E-04   2.0762252277E-02   9.3946124047E-03   7.0132850530E-03  -6.0626519222E-02
   32     -3.8499176864E-04   2.7091685260E-03   2.8747122792E-03   4.0926618673E-03  -2.2499757802E-02
   33     -8.8669536130E-03  -3.0554540226E-02   2.9633933110E-03   1.6485689948E-03  -1.1585856029E-02
   34      4.9666822278E-02  -3.0080840591E-02   6.0478918021E-03   3.9476700805E-03  -3.7707862009E-04
   35     -8.8178595559E-02  -1.9820159876E-02   6.0610280177E-03  -1.0717241020E-03  -5.0957980861E-04
   36      1.1410092920E-03  -1.3335998204E-02  -3.3152602723E-02   5.2733706519E-03   4.9901299382E-03
   37     -8.5416481593E-04  -1.2315647707E-02  -1.5783748732E-02   7.7174346179E-04   3.2835256330E-03
   38      9.1773708524E-04  -2.5677979779E-03  -1.5627921670E-02   6.5312112365E-03   1.0991112085E-03
   39     -1.6920383217E-03  -1.3827116320E-02  -8.3069055796E-03  -3.3161555440E-02   5.6179729521E-03
   40      9.1566403126E-04  -8.5914629970E-03  -2.5326115687E-03  -2.1684104594E-02   2.5189562258E-03
   41      1.5731299378E-03  -1.0937918622E-02  -5.4801152268E-03  -6.1104957471E-03   2.7712240441E-03
   42      4.4135926599E-05   1.0285984257E-04  -1.7629404262E-05   8.3186354821E-04   8.7282502560E-03
   43      1.8625670484E-05  -5.2405984827E-04   1.1057083895E-04   9.0761399339E-04   3.9177250275E-03
   44      3.9486036374E-05   1.2691880572E-04   4.1728996863E-04   1.0622976626E-03   3.5713477784E-03
                   25                 26                 27                 28                 29        
    0     -8.3755142432E-03  -2.7312983279E-03   4.2316683990E-03   2.5240978368E-03   1.2540821158E-03
    1     -1.8640901933E-01   5.0473529398E-02  -9.2873390638E-03  -5.5303351239E-03  -3.3472555592E-03
    2      5.4580714540E-02  -9.2871196279E-02   2.6631620211E-03   1.8730899460E-03   1.1460596281E-03
    3      1.4972246177E-03   1.2618376050E-02   4.8494875051E-03   3.3435405048E-03   1.7575161174E-03
    4     -8.7977439575E-02  -4.9160011269E-02  -4.8207136347E-03  -2.9634278516E-03  -1.0247627148E-03
    5     -5.4920660889E-02  -2.0521651958E-01  -7.9641126575E-03  -4.0866613916E-03  -2.4712771428E-03
    6     -1.5275652578E-02   1.7301348740E-02   1.3801136253E-03   2.7229522735E-04   5.1126086650E-04
    7     -3.5527917251E-02   3.1196302056E-02   1.7998293943E-04   1.2770463376E-03   2.2268620481E-04
    8      5.0120271013E-03  -3.4927930915E-03   2.7674553526E-05  -2.6063282259E-04  -3.9885693672E-04
    9      2.8721027330E-02   7.6544483399E-03   1.5249690370E-03   3.0268605914E-03   1.8181832609E-03
   10      3.1998478562E-03   4.2991030250E-03  -6.5311863235E-04   3.4830958199E-04   1.6410914256E-04
   11      3.6055307850E-03   1.6884016053E-03  -5.2846562139E-04   4.5708985312E-04   3.3295756064E-04
   12     -9.8459363436E-04   4.8506959173E-04   1.8457531044E-03   3.4825424021E-03   3.3849838975E-02
   13      2.1325334646E-04  -2.3365174613E-05   2.1356220747E-03   4.0740132133E-03  -2.1477680320E-02
   14      1.6359978573E-03  -1.7795636533E-03   1.2060493132E-03  -5.0770807492E-03  -4.0179405574E-02
   15     -6.7246073350E-03  -2.2080540048E-03  -3.7282197864E-02  -2.6567445118E-02  -1.7773999265E-02
   16      1.8483091138E-04   3.6011953557E-05  -1.7947734031E-04   5.0267395706E-03  -1.0506989181E-03
   17      1.3378982336E-04  -1.7501414796E-05  -4.5157363408E-04  -1.1565450976E-03   5.6350605821E-03
   18     -2.6155585228E-04  -3.9114830715E-04   2.4693836304E-03   3.2190296776E-02  -1.0195081323E-02
   19     -6.9266297929E-06   1.1899304798E-03   1.6016376739E-03  -4.2694872909E-02   1.5257178844E-02
   20      2.6387235671E-04  -5.0385048898E-04   1.3496158131E-03  -9.6601351633E-04   6.8564679542E-03
   21      4.2092135312E-02   2.9103705080E-03  -1.3596995721E-01  -5.8421759885E-02  -3.8473438783E-02
   22     -1.1803872623E-01  -2.3444294083E-02  -3.3566893179E-02  -1.2512574866E-01  -3.4832385231E-02
   23     -1.9786008554E-02  -7.3515575173E-02  -2.6989929673E-02  -3.8039077509E-02  -8.2288771746E-02
   24      4.3783874101E-02   3.3236168945E-02  -6.3875589426E-02   1.6914680005E-03  -4.0216030987E-03
   25      5.1117390567E-01   4.4122214995E-02  -5.6500169130E-03   2.1951677429E-02   1.0341384424E-02
   26      4.4122214995E-02   4.6747308770E-01  -8.6364564428E-03   1.0611823608E-02   8.7038357543E-04
   27     -5.6500169130E-03  -8.6364564428E-03   4.7582762161E-01  -2.7510440844E-02  -1.2197929656E-02
   28      2.1951677429E-02   1.0611823608E-02  -2.7510440844E-02   5.6594718404E-01  -4.3512024864E-02
   29      1.0341384424E-02   8.7038357543E-04  -1.2197929656E-02  -4.3512024864E-02   6.0090337314E-01
   30     -6.6529674359E-02  -3.7830384900E-02  -3.5374529435E-03   2.0163930201E-04  -8.3460115557E-04
   31     -9.7494774003E-02  -4.6245706443E-02   3.5532386028E-03  -3.2408707183E-03  -2.3423168345E-03
   32     -3.4846387442E-02  -8.1266990860E-02   1.3525570010E-03  -1.3887358950E-03   1.3936983229E-03
   33      3.0450421230E-03   6.3378898882E-04  -1.4904345413E-01   5.0143056568E-02   3.2650190673E-02
   34     -7.0841014031E-03  -2.6994148547E-03   6.6485897814E-02  -9.5686601038E-02  -1.5437748787E-02
   35     -4.9597176361E-03  -1.0504123968E-03   4.3327467648E-02  -1.6143103748E-02  -8.0665737586E-02
   36     -7.0370450915E-03   1.3968093826E-03  -5.1942860701E-02   1.0028466632E-02   7.5105844346E-04
   37     -3.3352872954E-03  -2.5826593328E-04   5.7528254054E-03  -2.7068007107E-01   9.3986662198E-02
   38      1.7817478606E-04   1.7588626466E-03  -1.0817309146E-03   1.0070228807E-01  -9.6607480220E-02
   39     -3.7235304257E-03  -5.7606279501E-03  -5.0683806806E-02   5.3190541579E-03   1.0716138230E-02
   40     -1.1811476476E-03  -7.1079874842E-04   2.2415028078E-03  -5.2803321453E-02   2.7257788046E-03
   41     -2.6403161638E-03  -2.2134274654E-03   8.4899439364E-03  -2.9490326619E-03  -3.1458906038E-01
   42     -4.5131928053E-03  -1.8881721201E-02   2.0632216871E-04   2.8201724769E-04   2.0690485161E-04
   43      3.3182415367E-04  -1.9371106745E-02  -2.8839710976E-04   1.0027864882E-04   3.4383563531E-04
   44     -2.7365682484E-03  -9.8629051273E-03  -5.8479193810E-04  -8.2145242864E-05   6.2588823125E-05
                   30                 31                 32                 33                 34        
    0      5.0583402729E-03  -1.3096311857E-02   9.3395043223E-03   2.7907165409E-03  -6.9303424580E-06
    1      9.4884934542E-03  -3.4738081431E-02   2.7666500260E-02  -2.2235641535E-03   8.8348892293E-05
    2     -2.3654353232E-03   6.3394359534E-03   7.1572264011E-04   1.4383861895E-03  -1.2303739035E-04
    3      6.0412618570E-03  -4.1589771936E-03  -1.8265678780E-02   3.1853737971E-03  -6.3733364562E-04
    4      8.0084644833E-03  -5.7596988538E-03  -3.1368636818E-02  -7.9531072502E-04   8.0584531848E-05
    5      1.2595642952E-02  -9.1103805560E-03  -4.3060343663E-02  -1.7654425947E-03   6.2563470224E-04
    6     -7.0976731333E-02  -1.7823660436E-02   1.0506903446E-02   8.6526602059E-04  -8.7289368509E-05
    7     -2.9856682183E-02  -1.9338926179E-01   9.7091179007E-02   1.0366180376E-03  -2.0039481569E-03
    8      2.0635774620E-02   9.1919097969E-02  -1.5526224481E-01  -2.2707997965E-04   8.4046042757E-04
    9     -2.4533167659E-01   5.5817038477E-02   3.6465854777E-02   2.1969846719E-03  -1.2897272969E-03
   10      6.9871245836E-02  -9.2471640248E-02  -2.1173635665E-02   6.8613241466E-06  -8.2018309499E-04
   11      2.8027084997E-02  -1.4716170774E-02  -8.1728761490E-02   8.4079500584E-05  -3.2862725302E-04
   12      6.5715156087E-04   4.4218613193E-04   6.9653280002E-05  -8.5873734622E-02   8.3864705014E-03
   13     -8.6717553167E-05  -6.4230727539E-04  -8.5458050440E-05   7.7834450337E-03  -7.7144370366E-02
   14     -2.7272787477E-04  -5.4627370248E-04  -1.0197652432E-03   4.1774689028E-02  -2.3926184342E-02
   15      1.2893005340E-03   1.7112772946E-03   4.2550084158E-04  -2.1729517567E-01  -5.0521986531E-02
   16      2.5538803314E-04  -5.8358202358E-04  -7.4897814744E-06  -5.9539568243E-02  -9.9230590401E-02
   17      1.8803639278E-04  -1.4078215844E-04  -2.7525726331E-04  -4.0465170728E-02  -1.8181528947E-02
   18      6.5819980768E-04   4.1642526893E-04   1.2844935698E-04  -8.5256400502E-02   2.9714809202E-02
   19     -2.7146423217E-04  -1.9589719857E-03   2.8754772806E-04   4.0367716995E-02  -2.3884775043E-01
   20      2.3064109099E-05   2.9702479385E-04  -3.8499176864E-04  -8.8669536130E-03   4.9666822278E-02
   21     -3.3237879182E-02   2.0762252277E-02   2.7091685260E-03  -3.0554540226E-02  -3.0080840591E-02
   22     -9.0722730044E-03   9.3946124047E-03   2.8747122792E-03   2.9633933110E-03   6.0478918021E-03
   23     -7.8899539762E-03   7.0132850530E-03   4.0926618673E-03   1.6485689948E-03   3.9476700805E-03
   24     -1.1325022409E-01  -6.0626519222E-02  -2.2499757802E-02  -1.1585856029E-02  -3.7707862009E-04
   25     -6.6529674359E-02  -9.7494774003E-02  -3.4846387442E-02   3.0450421230E-03  -7.0841014031E-03
   26     -3.7830384900E-02  -4.6245706443E-02  -8.1266990860E-02   6.3378898882E-04  -2.6994148547E-03
   27     -3.5374529435E-03   3.5532386028E-03   1.3525570010E-03  -1.4904345413E-01   6.6485897814E-02
   28      2.0163930201E-04  -3.2408707183E-03  -1.3887358950E-03   5.0143056568E-02  -9.5686601038E-02
   29     -8.3460115557E-04  -2.3423168345E-03   1.3936983229E-03   3.2650190673E-02  -1.5437748787E-02
   30      5.1455926242E-01   1.3839410761E-02  -4.9852643998E-02  -2.9628691707E-03   6.4233713077E-05
   31      1.3839410761E-02   4.8821345764E-01   3.7321147251E-02  -1.8031338560E-03   4.7503662666E-03
   32     -4.9852643998E-02   3.7321147251E-02   6.4338621062E-01  -4.5767735909E-04   1.2626573093E-04
   33     -2.9628691707E-03  -1.8031338560E-03  -4.5767735909E-04   5.6595681748E-01  -4.3025724167E-02
   34      6.4233713077E-05   4.7503662666E-03   1.2626573093E-04  -4.3025724167E-02   5.2783340254E-01
   35      5.5433684426E-05   1.3986394562E-03   2.0861018664E-03  -2.7461901961E-02   1.4200741780E-02
   36      4.5408462650E-04  -1.0524931315E-04  -1.3359381346E-04   3.9321801489E-03   2.4048666152E-02
   37      3.5817756894E-04  -2.8692202564E-05   1.6704745512E-04   4.0623141976E-04  -1.7308228725E-02
   38      1.1051690699E-04   3.9854569674E-05  -1.0736986819E-04   1.1735577972E-03  -1.0081952594E-02
   39      2.4123300044E-04   2.4600088653E-04   3.2897512605E-04   3.5721005968E-03  -2.5525082409E-03
   40      1.4729414125E-04   2.7692045615E-04  -5.9339913759E-05   1.6474267375E-03  -5.4673370316E-04
   41      2.2907665504E-04   1.5178064028E-04  -7.6865239240E-05  -5.3195431784E-05   1.2687989155E-03
   42     -5.9662000766E-02   7.2354903579E-04   3.0078041953E-02   7.2591103723E-05  -2.2209023451E-04
   43      3.6849371801E-03  -7.2327476233E-02  -7.6671998806E-02   8.8941249373E-05  -1.2808671450E-04
   44      3.6985860035E-02  -7.1311352557E-02  -2.8849180511E-01  -1.8436740071E-04  -5.0420431969E-05
                   35                 36                 37                 38                 39        
    0     -7.5909828946E-04  -5.6385047159E-04   9.5621790270E-04  -4.9745518886E-04  -6.2105073067E-04
    1      1.3382615821E-03   3.0909349820E-03   2.3168418900E-03   1.5483587332E-04   8.5751154170E-04
    2     -1.3249431918E-03  -1.2749492632E-03  -3.4260048604E-04  -7.1944726662E-04   2.0521684262E-04
    3      4.4766322095E-04  -5.2756811999E-04  -2.7080117346E-04  -2.5995088629E-04  -1.0997775383E-03
    4     -4.6325891803E-05   8.4629448559E-04   4.6765299089E-04  -2.7083237427E-04   1.0879266814E-03
    5     -5.5589532740E-04   4.9559893342E-04   5.3882978411E-04  -2.6382621865E-04   2.9502219757E-03
    6     -1.7213656712E-04  -1.5257672531E-04  -1.7927833573E-04  -2.7777371273E-05  -1.3311993768E-04
    7      5.7575290365E-06   3.2416402582E-04   4.7381556796E-05   6.9734323957E-05  -2.4315496925E-04
    8     -6.0479524708E-04  -1.0748873535E-04  -5.6236511541E-05  -1.9278648667E-05   1.3670975363E-04
    9     -9.9979051685E-04  -4.5401475145E-04  -3.1703676402E-04  -7.1047248628E-05  -5.2725147796E-04
   10     -2.4513956732E-04   1.5039903748E-04   5.4856799246E-05   8.2486242351E-06   1.2236527297E-05
   11     -5.5234834153E-04  -8.8108561995E-06  -2.1747408023E-05  -1.8143599354E-05   8.8704272528E-05
   12      2.9979483888E-02   7.1649414560E-04  -6.0828729257E-04  -3.5245841423E-04  -5.3726694654E-03
   13     -1.9597351287E-02  -1.8103945141E-03   1.9664223128E-03   3.8960704481E-04   3.5558700215E-03
   14     -2.4592199610E-01   1.8515455085E-06  -7.0801854884E-05   6.1261420110E-04   5.3025823448E-03
   15     -3.3941196098E-02   3.0829318640E-04  -2.4977499335E-04  -1.2115124156E-03   3.3810200501E-04
   16     -1.7931921900E-02  -1.0845557522E-03   2.1393789413E-03   7.6796049683E-05   2.7759967477E-05
   17     -8.4436540288E-02   5.3130882325E-04  -8.2161989950E-04  -4.2493350639E-04  -1.1979340204E-03
   18     -3.6137392633E-03  -5.3618500314E-03   2.1206196751E-03   2.0120441231E-03   6.8189056904E-04
   19      4.5369543286E-02   6.2649015087E-03  -1.0212662201E-03  -3.0056818927E-03  -6.4830629349E-04
   20     -8.8178595559E-02   1.1410092920E-03  -8.5416481593E-04   9.1773708524E-04  -1.6920383217E-03
   21     -1.9820159876E-02  -1.3335998204E-02  -1.2315647707E-02  -2.5677979779E-03  -1.3827116320E-02
   22      6.0610280177E-03  -3.3152602723E-02  -1.5783748732E-02  -1.5627921670E-02  -8.3069055796E-03
   23     -1.0717241020E-03   5.2733706519E-03   7.7174346179E-04   6.5312112365E-03  -3.3161555440E-02
   24     -5.0957980861E-04   4.9901299382E-03   3.2835256330E-03   1.0991112085E-03   5.6179729521E-03
   25     -4.9597176361E-03  -7.0370450915E-03  -3.3352872954E-03   1.7817478606E-04  -3.7235304257E-03
   26     -1.0504123968E-03   1.3968093826E-03  -2.5826593328E-04   1.7588626466E-03  -5.7606279501E-03
   27      4.3327467648E-02  -5.1942860701E-02   5.7528254054E-03  -1.0817309146E-03  -5.0683806806E-02
   28     -1.6143103748E-02   1.0028466632E-02  -2.7068007107E-01   1.0070228807E-01   5.3190541579E-03
   29     -8.0665737586E-02   7.5105844346E-04   9.3986662198E-02  -9.6607480220E-02   1.0716138230E-02
   30      5.5433684426E-05   4.5408462650E-04   3.5817756894E-04   1.1051690699E-04   2.4123300044E-04
   31      1.3986394562E-03  -1.0524931315E-04  -2.8692202564E-05   3.9854569674E-05   2.4600088653E-04
   32      2.0861018664E-03  -1.3359381346E-04   1.6704745512E-04  -1.0736986819E-04   3.2897512605E-04
   33     -2.7461901961E-02   3.9321801489E-03   4.0623141976E-04   1.1735577972E-03   3.5721005968E-03
   34      1.4200741780E-02   2.4048666152E-02  -1.7308228725E-02  -1.0081952594E-02  -2.5525082409E-03
   35      5.1245767521E-01  -1.3523865120E-02   8.5687683355E-03   3.3103154770E-03   2.7405218182E-02
   36     -1.3523865120E-02   5.9765371946E-02   5.7432910671E-05   3.6698001906E-03   2.1389233214E-03
   37      8.5687683355E-03   5.7432910671E-05   2.9746305939E-01  -1.0144424566E-01   9.9632819680E-04
   38      3.3103154770E-03   3.6698001906E-03  -1.0144424566E-01   9.4185392867E-02  -1.9707322016E-03
   39      2.7405218182E-02   2.1389233214E-03   9.9632819680E-04  -1.9707322016E-03   5.9567991804E-02
   40     -1.7671029612E-02  -1.5923567288E-03   3.7139669400E-03   2.8858394024E-02   3.2449451234E-03
   41     -1.3304298378E-02   1.7458085434E-03  -1.9719670681E-04  -9.1477676207E-03  -3.5058062139E-03
   42     -3.3527122692E-04   3.3241691873E-05   5.9813641804E-06  -1.9806729365E-05   1.0657802772E-04
   43     -1.9562965852E-04  -2.5569421147E-05  -1.2266576737E-05  -4.3256278635E-05   1.2962965566E-04
   44     -1.8680604177E-04   3.7331104330E-05   2.9785150388E-05  -7.8865642687E-06   1.4973423978E-04
                   40                 41                 42                 43                 44        
    0     -1.0993869320E-05  -2.8064766392E-04  -3.9654272994E-04   2.5340947127E-04  -4.1996571801E-04
    1      5.7031464093E-04   4.9552850358E-04  -6.2401919981E-05   8.1326658394E-04  -1.1095570014E-03
    2     -1.9158779227E-04   7.7101740104E-05   1.4683124059E-03   1.3250583065E-03   1.6190971982E-03
    3     -2.9325337947E-04   7.8197634287E-04  -2.9410429196E-03  -2.3709566653E-03  -1.0978450683E-03
    4      2.8500487502E-04   1.1335393039E-03  -3.6387706951E-03  -2.9646286378E-03  -5.9196652000E-04
    5      7.7992111402E-04   1.7876600482E-03  -4.5876930918E-03  -3.2160483879E-03   1.7926035129E-04
    6     -2.6381426154E-05  -6.9446561043E-05   7.0119374624E-03  -4.5998914481E-03   1.9830173966E-03
    7     -2.1886627084E-04  -7.5869046748E-05  -1.4142649990E-04  -4.7125406385E-03   1.1533250142E-02
    8      1.3921584730E-04   4.6179935076E-05   2.8588957775E-03   4.2691101732E-02  -2.2135705707E-02
    9     -2.0429437844E-04  -2.5772675465E-04  -2.2918508896E-02   1.4051151452E-02   4.3283129685E-03
   10     -3.1119814005E-05   1.6829835147E-05   2.1595739918E-02  -2.4861699284E-03  -3.2180937813E-03
   11      3.8191749506E-05   4.1670642988E-05   3.3133049626E-02  -1.2993594037E-02   5.8798926286E-03
   12      2.6690592101E-03   1.1135025421E-03  -1.4792884971E-05  -2.2737489148E-05   4.0488597412E-05
   13     -7.9885083522E-04  -9.8581605954E-04   6.0877195534E-05   1.2732698769E-05   1.7055423523E-05
