
$orca_hessian_file

$act_atom
  0

$act_coord
  0

$act_energy
        0.000000

$multiplicity
  1

$hessian
45
                    0                  1                  2                  3                  4        
    0      1.4758386257E-01   4.6881716198E-02  -1.2251366643E-01   5.2962717000E-03   6.7356950792E-03
    1      4.6881716198E-02   9.8380406813E-02  -7.9457091216E-02   1.1651278207E-02   1.4315406978E-02
    2     -1.2251366643E-01  -7.9457091216E-02   3.0744274105E-01   2.1157321553E-02  -2.0045949564E-02
    3      5.2962717000E-03   1.1651278207E-02   2.1157321553E-02   7.5620165823E-02   7.8741499704E-03
    4      6.7356950792E-03   1.4315406978E-02  -2.0045949564E-02   7.8741499704E-03   2.2480390627E-01
    5      1.8530665052E-02  -3.3059111165E-02  -6.2940091179E-02   3.4396327176E-03   1.2873766169E-01
    6      4.9379720102E-03   2.0602583870E-03  -1.4444404137E-03   2.3779604569E-03   5.2152194361E-03
    7      1.8307802034E-03   1.9263223160E-03  -1.6510008195E-03   1.2750431598E-03   2.0340107364E-03
    8     -2.5206306675E-03  -1.9635306850E-03   3.6854795952E-03   1.0190177402E-03   2.2836843153E-03
    9      9.3901608822E-04   1.0921795094E-04  -1.7570356167E-03  -9.0072443099E-04   5.5376775636E-03
   10      3.0428675847E-04   1.9640025109E-03   3.4188691622E-03   6.0060556430E-03  -1.2371327410E-02
   11     -5.4229802219E-04  -1.3950716709E-03   6.1602612413E-03   4.6125587031E-04   1.9584796247E-03
   12     -7.4143668951E-04  -4.2437941695E-04   6.4561660023E-04  -4.9172746892E-04  -6.4240445167E-04
   13      7.6578970462E-04   7.5740999574E-04  -5.9288549448E-04   2.2600987439E-04   1.3646636525E-03
   14     -5.1276309155E-04  -3.7773382006E-04   5.0987063128E-04  -1.3763923417E-04  -1.7103667157E-04
   15     -2.4068998815E-03  -9.9009684167E-04   1.1148644930E-03  -8.1734022887E-04  -1.3171833553E-03
   16     -4.8579806668E-05   2.8673617936E-05  -1.6799100703E-05  -8.0882411913E-05   1.3783966836E-04
   17      1.6149416904E-04  -3.1071588278E-05   8.9594656192E-05   2.8353577740E-04   3.8374168275E-04
   18     -7.4363441205E-04  -3.2686461578E-04   7.2213832629E-04  -9.5323111082E-04  -4.5356107640E-04
   19     -3.4759313956E-04  -6.9050574257E-06   3.4745956645E-04  -1.8564108916E-04   5.0485440724E-04
   20     -9.5340561573E-04  -3.6296825884E-04   9.9697054271E-04  -3.9869960791E-04   5.8863047957E-04
   21     -5.9006147789E-02  -2.3593022072E-02   2.9915540227E-02  -1.4949445446E-02  -3.6321386593E-02
   22     -2.8856411510E-02  -7.3696751130E-04   7.7423990365E-03  -4.2486543474E-02  -1.8995032283E-02
   23      5.1405022965E-02   1.3471848415E-02   1.0851701281E-04  -2.9583512143E-02  -2.3513730790E-02
   24     -9.7753200525E-02  -2.1582924346E-02   5.9125632214E-02  -7.2938493631E-02   1.4824492383E-02
   25     -2.7222457173E-02  -1.0577981393E-01   7.2975786827E-02   6.6848318800E-03  -1.7806069426E-01
   26      6.2741603769E-02   6.5174075065E-02  -2.1763452129E-01   1.1123770958E-03  -4.9150481518E-02
   27     -7.3434549418E-04  -2.7259257219E-04  -2.0583059120E-03   2.2815826874E-03   4.9377356955E-03
   28     -1.2239432091E-03   3.1611815418E-03  -6.7820395442E-05   4.0468718410E-04   1.7126810660E-03
   29     -7.1242221117E-03  -2.6294963050E-03   5.2944385786E-03  -3.7512378384E-03  -7.4871636725E-03
   30      1.5441666574E-03  -1.8946682775E-02   2.2182770412E-02   4.7734759343E-03  -6.2376909833E-03
   31      1.6658518716E-03  -8.0578690944E-03   1.2499295292E-02   1.0216244983E-02  -3.3255811764E-02
   32     -2.9273221580E-03   3.6958905493E-02  -4.0478105924E-02   7.8325555918E-03  -3.6621134330E-02
   33      3.4915935116E-03   1.5521433386E-03  -2.4687483971E-03   2.6546840818E-03   2.3809214623E-03
   34     -1.2430871072E-03  -1.0006747834E-03   7.0311202610E-04  -4.9435405575E-04  -2.0404344753E-03
   35      3.5807485241E-03   1.8268993041E-03  -2.3093530873E-03  -1.4844069997E-04   8.1952727205E-06
   36     -3.0061650455E-04  -6.0483188297E-04  -6.3223304509E-04  -7.6063391197E-04  -1.9088920934E-03
   37      1.8007566572E-04  -3.5586593551E-04  -1.5127365585E-04  -7.6234502678E-04  -8.4725189752E-04
   38      5.4569781752E-04   5.0961231994E-04   1.9363586391E-04  -7.7929163578E-04   1.6631517661E-03
   39     -1.4301829712E-03   3.6246963020E-04   3.4722812539E-04  -6.8986569486E-04  -2.5075262481E-04
   40     -5.2893429237E-04   9.1895440348E-05  -4.3458541898E-06  -4.6698824146E-04  -2.3942966610E-04
   41      1.1999988521E-03  -1.2939668433E-04  -4.1432748597E-04   1.3861256004E-04   6.5006223849E-04
   42     -6.7641826977E-04   4.1121966485E-03  -4.3174445837E-03  -5.0267876068E-04  -4.0363037417E-04
   43      1.1189249206E-03  -4.6872029023E-03   4.2860494456E-03   1.6806335780E-04   9.3661897686E-04
   44     -1.0901605957E-03   1.4783255406E-03  -7.0511019910E-04  -6.3305901753E-04   8.5951907850E-04
                    5                  6                  7                  8                  9        
    0      1.8530665052E-02   4.9379720102E-03   1.8307802034E-03  -2.5206306675E-03   9.3901608822E-04
    1     -3.3059111165E-02   2.0602583870E-03   1.9263223160E-03  -1.9635306850E-03   1.0921795094E-04
    2     -6.2940091179E-02  -1.4444404137E-03  -1.6510008195E-03   3.6854795952E-03  -1.7570356167E-03
    3      3.4396327176E-03   2.3779604569E-03   1.2750431598E-03   1.0190177402E-03  -9.0072443099E-04
    4      1.2873766169E-01   5.2152194361E-03   2.0340107364E-03   2.2836843153E-03   5.5376775636E-03
    5      1.7467798437E-01   1.2444081988E-03   1.6896493621E-03   1.7991738445E-03  -1.1232967527E-04
    6      1.2444081988E-03   3.6355220523E-01   7.9314206866E-02   1.9091171059E-02  -1.4465792611E-02
    7      1.6896493621E-03   7.9314206866E-02   8.6587501796E-02   9.5798964042E-03  -4.6047071310E-02
    8      1.7991738445E-03   1.9091171059E-02   9.5798964042E-03   5.9978319014E-02  -3.1508622493E-02
    9     -1.1232967527E-04  -1.4465792611E-02  -4.6047071310E-02  -3.1508622493E-02   6.9246801059E-02
   10      7.7604331892E-04  -3.7102906024E-02  -2.3861967348E-02  -1.9115152841E-02   1.4646839071E-02
   11      2.7100397678E-03  -2.5300204490E-02  -1.8430434795E-02   6.5401331961E-04   1.2514930259E-02
   12     -2.8501473007E-04  -8.6961477579E-04  -4.0388259963E-05   3.8712213529E-05  -2.9218179608E-04
   13      4.1110547176E-04   6.4167516066E-04   2.8351994863E-04  -1.0257370118E-04   2.3343395570E-04
   14      1.1802467748E-04  -2.7207709657E-04  -1.0792996108E-04   1.0474599420E-04  -1.0975406368E-04
   15     -1.1283356073E-03  -1.2609151724E-03   2.4669912884E-04  -2.6861670049E-04  -3.2305275835E-04
   16      4.4660860156E-07  -1.0192732754E-04   1.0084273051E-04  -4.6107981675E-05  -1.0024457889E-05
   17      4.6956156904E-04   3.5429329993E-04  -7.6892930447E-05   1.6360054496E-04   1.0193576687E-04
   18      1.5807534873E-04  -6.9609090169E-04   4.9969105169E-05   2.8502102642E-05  -2.1592803161E-04
   19      4.1040523590E-04  -1.2607136645E-04   1.4951223753E-04   8.7832407972E-05   9.9580891158E-06
   20      8.8125179439E-04  -3.9376669215E-04   8.7077644055E-05   1.7515326269E-04  -9.0402808372E-05
   21     -3.1879313878E-02  -9.8464840092E-03   6.2144842224E-03  -5.0644900884E-03   1.3281173965E-03
   22     -3.0512249635E-02   6.7232937294E-03  -1.6646937556E-03   2.3776740316E-03   2.0467841442E-03
   23     -1.3179291026E-02  -3.8319654754E-03   2.9440632847E-03  -1.4875394332E-03   1.3578085824E-03
   24      7.1884663717E-03  -4.3064848406E-02   1.5879750669E-02  -1.6929766742E-02   1.6443225667E-03
   25     -6.0893956785E-02  -2.0153470078E-02   6.4909213584E-03  -3.8874120165E-03   8.5402718531E-03
   26     -9.9594578009E-02  -5.4781581081E-05  -2.7251434672E-03  -1.8213512704E-04   1.1471092285E-02
   27      6.5840841906E-03   2.8131230574E-03  -1.5114886920E-03   1.4129526705E-03   6.2387209888E-04
   28      3.3454053581E-04   2.2604247055E-04  -1.1007495128E-03   4.9844213575E-04   2.3607336578E-04
   29     -7.0698275654E-03  -3.0229956494E-03   1.4294532157E-03  -1.2677885196E-03  -5.8428712002E-04
   30     -2.9632074687E-03  -2.7154364559E-01  -3.9610200856E-02   4.4418929112E-03  -6.6442453040E-02
   31     -7.0010538128E-03  -2.5922689115E-02  -7.4046173448E-02   4.9991006269E-03   6.7285170014E-03
   32     -3.7309455935E-03   1.2016010269E-02   7.1931343300E-03  -7.3450998957E-02   5.2980068516E-03
   33      8.8839199584E-04   2.9836227100E-03  -1.7582631850E-04   7.1696054584E-05   9.9016081468E-04
   34     -5.3419958735E-04  -2.9324669936E-04  -3.2566651934E-04  -1.1057453438E-04  -1.6310127138E-04
   35     -2.0050574356E-04   5.7156548290E-04  -1.2426048706E-04  -1.6011266638E-04   1.0151375121E-04
   36     -1.3861015565E-03  -1.8717387027E-04   8.7872474680E-05  -2.3072244623E-04  -5.3153439657E-05
   37      9.4657576744E-04  -2.3761867436E-04  -4.9677856632E-05   1.7432955141E-04   5.8920654092E-05
   38      2.5752281044E-03   2.3039724901E-04  -9.7185883990E-05   1.5542683791E-04  -1.7598723380E-05
   39     -8.8275967753E-04   2.2980670024E-04   1.5614936673E-04  -2.4764429196E-04   3.6610237212E-04
   40     -2.8709351031E-04   9.6083578493E-05   3.8689367620E-04  -4.2448662025E-04  -8.1877455410E-05
   41      1.1476782524E-03   3.4864749367E-04  -3.1332766577E-04   7.8360825878E-05  -2.9098847758E-04
   42      5.9090998890E-04  -3.4960124829E-02  -1.7676297163E-02   3.0528915747E-02   7.5548937112E-03
   43     -1.1623931031E-03  -1.0332532940E-02   3.0894036407E-03   5.6226729614E-03   7.9794066439E-03
   44      2.3362967333E-03   6.0137127609E-04   6.2910771533E-04   9.7543014635E-03   3.5059819960E-03
                   10                 11                 12                 13                 14        
    0      3.0428675847E-04  -5.4229802219E-04  -7.4143668951E-04   7.6578970462E-04  -5.1276309155E-04
    1      1.9640025109E-03  -1.3950716709E-03  -4.2437941695E-04   7.5740999574E-04  -3.7773382006E-04
    2      3.4188691622E-03   6.1602612413E-03   6.4561660023E-04  -5.9288549448E-04   5.0987063128E-04
    3      6.0060556430E-03   4.6125587031E-04  -4.9172746892E-04   2.2600987439E-04  -1.3763923417E-04
    4     -1.2371327410E-02   1.9584796247E-03  -6.4240445167E-04   1.3646636525E-03  -1.7103667157E-04
    5      7.7604331892E-04   2.7100397678E-03  -2.8501473007E-04   4.1110547176E-04   1.1802467748E-04
    6     -3.7102906024E-02  -2.5300204490E-02  -8.6961477579E-04   6.4167516066E-04  -2.7207709657E-04
    7     -2.3861967348E-02  -1.8430434795E-02  -4.0388259963E-05   2.8351994863E-04  -1.0792996108E-04
    8     -1.9115152841E-02   6.5401331961E-04   3.8712213529E-05  -1.0257370118E-04   1.0474599420E-04
    9      1.4646839071E-02   1.2514930259E-02  -2.9218179608E-04   2.3343395570E-04  -1.0975406368E-04
   10      2.6865524943E-01   1.5384843520E-01   1.0455523538E-04   4.3515047644E-04  -8.8140301486E-06
   11      1.5384843520E-01   1.6523524590E-01   1.2448426864E-04   7.6469613198E-05   1.3454962784E-04
   12      1.0455523538E-04   1.2448426864E-04   8.1886464987E-02  -5.4872673671E-02   1.4465585300E-02
   13      4.3515047644E-04   7.6469613198E-05  -5.4872673671E-02   3.5718924630E-01  -7.7403756629E-02
   14     -8.8140301486E-06   1.3454962784E-04   1.4465585300E-02  -7.7403756629E-02   9.9813892827E-02
   15      5.0319031991E-04   6.3071983711E-05   1.2647631321E-02  -1.9183580189E-02   1.0081014410E-02
   16      2.2147393176E-04   6.0377916184E-05  -3.0018825230E-02  -3.7071913365E-02   4.7283282393E-02
   17     -3.2558673712E-05   1.6839314241E-04   1.6883810930E-02   4.1775714032E-02  -2.1554316082E-02
   18      3.8303246812E-04   2.3406902433E-04   1.5361718897E-02   2.4749133388E-03   5.8313087416E-03
   19      5.8327206543E-04   3.9922634301E-04  -3.7785364901E-03  -7.3322989915E-02  -3.9615135891E-02
   20      6.5070490056E-04   5.8821674097E-04   3.4794832214E-03  -2.6728340517E-02   9.8267561724E-03
   21      4.4052797099E-03   1.3922513448E-03  -6.6884537863E-06   1.1851588746E-03  -1.6962243523E-03
   22      2.3759995831E-03   1.9061290192E-03  -7.1604417397E-06   3.6387087221E-03  -1.9083887931E-03
   23      2.6422905458E-03   1.9153779130E-03  -5.4622004018E-04  -1.4875015960E-03   1.8994015529E-03
   24     -7.0520038556E-03  -3.7840109709E-03   3.0877104949E-03  -1.8366827376E-03   7.8316347212E-04
   25     -3.4219670383E-02  -3.1129849465E-03   1.5828233044E-03  -2.4337745000E-03   5.7163379166E-04
   26     -3.6562572052E-02  -2.2175387116E-03  -1.2016442849E-04  -6.7961572648E-04   1.3173015775E-05
   27     -1.3907724189E-03   7.1043709700E-04  -4.8932369036E-03   5.8297759400E-03  -4.7019710200E-03
   28     -1.7460716645E-03  -1.3223590948E-04   3.9282235267E-02  -2.7971161819E-02   2.2213195676E-02
   29      1.3182812073E-03  -4.7887132522E-04  -1.3309472721E-02   1.2666542330E-02  -1.6207414105E-03
   30      2.0472121473E-02   1.5279204272E-02   9.7654919264E-04  -9.8863281054E-04   5.5802394452E-04
   31     -1.9621860278E-01  -9.2857039082E-02  -1.4426066241E-04  -7.8123938283E-04   1.8934317171E-04
   32     -9.3081225549E-02  -1.5106702335E-01  -3.0606149040E-04   2.9698052918E-04  -4.2087919705E-04
   33     -1.0045295766E-03  -5.0119892127E-04  -1.0070265602E-01   6.1003702366E-02  -2.2498371085E-02
   34     -9.3550483154E-04  -5.3004983674E-04   4.8678344344E-02  -2.2436480510E-01   4.8968787722E-02
   35     -7.2761384227E-04  -7.8398205645E-04  -2.0096122996E-02   5.0127206457E-02  -8.9982447632E-02
   36     -2.7283873051E-04  -3.4598824978E-04   1.2691648756E-03   4.9610779096E-04   1.8935342935E-03
   37      2.5140424957E-04   3.0710595484E-04  -8.5609908067E-05   5.7846110571E-04   1.9976024534E-04
   38     -9.7636851996E-06   1.6076826771E-04   8.3306141276E-04   3.3789335137E-04   1.4194176103E-03
   39      5.1609609587E-04   7.2807499620E-05  -7.3032703495E-03   4.1798327724E-03  -3.7623990295E-03
   40      1.1055570813E-04  -3.1169007018E-04   3.5516319478E-04   1.6174357485E-03   3.0103072700E-04
   41     -6.6009878618E-04  -3.9337963606E-04  -2.0669734796E-03   1.4982623531E-03  -4.4147937295E-04
   42     -3.4343196708E-04  -2.5906147986E-04   7.1572689324E-05  -7.3005155695E-05   3.4717494009E-05
   43     -5.2439635327E-03  -4.1810337819E-02  -7.0708025710E-05   8.1288138623E-05  -3.9372150357E-05
   44     -1.2433204418E-02  -2.2786070844E-02   3.0312725757E-04  -2.9036625466E-04   1.8003158519E-04
                   15                 16                 17                 18                 19        
    0     -2.4068998815E-03  -4.8579806668E-05   1.6149416904E-04  -7.4363441205E-04  -3.4759313956E-04
    1     -9.9009684167E-04   2.8673617936E-05  -3.1071588278E-05  -3.2686461578E-04  -6.9050574257E-06
    2      1.1148644930E-03  -1.6799100703E-05   8.9594656192E-05   7.2213832629E-04   3.4745956645E-04
    3     -8.1734022887E-04  -8.0882411913E-05   2.8353577740E-04  -9.5323111082E-04  -1.8564108916E-04
    4     -1.3171833553E-03   1.3783966836E-04   3.8374168275E-04  -4.5356107640E-04   5.0485440724E-04
    5     -1.1283356073E-03   4.4660860156E-07   4.6956156904E-04   1.5807534873E-04   4.1040523590E-04
    6     -1.2609151724E-03  -1.0192732754E-04   3.5429329993E-04  -6.9609090169E-04  -1.2607136645E-04
    7      2.4669912884E-04   1.0084273051E-04  -7.6892930447E-05   4.9969105169E-05   1.4951223753E-04
    8     -2.6861670049E-04  -4.6107981675E-05   1.6360054496E-04   2.8502102642E-05   8.7832407972E-05
    9     -3.2305275835E-04  -1.0024457889E-05   1.0193576687E-04  -2.1592803161E-04   9.9580891158E-06
   10      5.0319031991E-04   2.2147393176E-04  -3.2558673712E-05   3.8303246812E-04   5.8327206543E-04
   11      6.3071983711E-05   6.0377916184E-05   1.6839314241E-04   2.3406902433E-04   3.9922634301E-04
   12      1.2647631321E-02  -3.0018825230E-02   1.6883810930E-02   1.5361718897E-02  -3.7785364901E-03
   13     -1.9183580189E-02  -3.7071913365E-02   4.1775714032E-02   2.4749133388E-03  -7.3322989915E-02
   14      1.0081014410E-02   4.7283282393E-02  -2.1554316082E-02   5.8313087416E-03  -3.9615135891E-02
   15      1.9819136488E-01   5.0241333368E-02  -1.4027959086E-01   1.2187753638E-02   8.8115569073E-03
   16      5.0241333368E-02   9.6496211477E-02  -5.4137900208E-02   1.3044228559E-02   1.2792627062E-02
   17     -1.4027959086E-01  -5.4137900208E-02   2.2731771829E-01   3.2599881468E-02  -1.3996022753E-02
   18      1.2187753638E-02   1.3044228559E-02   3.2599881468E-02   7.9962158134E-02   3.1406626315E-02
   19      8.8115569073E-03   1.2792627062E-02  -1.3996022753E-02   3.1406626315E-02   1.8197796716E-01
   20      2.0984116621E-02  -1.9807395483E-02  -7.0842000095E-02   4.1970266481E-02   1.4339886221E-01
   21     -1.6322741977E-02  -6.0626243992E-04   8.9527850047E-04  -5.0567487021E-05   3.3125803686E-04
   22     -1.1857479252E-03   1.6720916021E-03  -5.3256524768E-05  -1.7058353410E-04   9.4168964876E-04
   23     -4.5579854388E-03  -2.4315858576E-04   2.9106925061E-03  -1.9101957621E-04   7.6387010762E-04
   24      5.7726278409E-03   5.5407793599E-04  -1.1657228249E-03   3.2638090091E-03   1.0013842911E-03
   25      3.4592143434E-03   3.1300470066E-04  -6.5479638616E-04   6.1510150605E-04  -4.5137832690E-04
   26      3.4300973363E-03   5.3817082852E-05  -5.6057876862E-04  -9.9951104170E-04  -5.5269795922E-04
   27     -2.8099745537E-02  -2.7288077456E-03   7.1589254897E-03  -3.8648735604E-03  -1.7209873177E-03
   28     -1.3106121086E-02   4.8647971214E-03   3.7552395176E-03  -2.2803746365E-02  -1.0990331483E-03
   29      3.6797470564E-02   3.7995530288E-03  -3.4691947965E-03  -3.4562938790E-02  -1.2396547586E-02
   30      1.0535834980E-03  -1.9023772896E-06  -2.1604447329E-04   8.3496456223E-04   1.1794293321E-04
   31     -1.3171138668E-03  -4.2090169031E-04   2.6870233476E-04  -5.0098170714E-04  -7.9569785541E-04
   32      2.1696169902E-04   1.5205354531E-06  -4.3157417941E-04  -3.2718624396E-04  -5.8540793255E-04
   33     -1.8184332101E-01  -2.9792493106E-02   8.1773335619E-02  -9.9179707191E-02  -3.2974191508E-02
   34     -2.5788592465E-02  -8.0664619839E-02   2.3028184361E-02  -2.4619135093E-02  -1.2419169447E-01
   35      7.1751059745E-02   2.3158607927E-02  -1.3570367865E-01  -4.4703828520E-02  -7.7861777637E-02
   36      6.3650379485E-04   1.1054448881E-03   1.1169864615E-03  -7.1007852220E-03  -9.5556996684E-04
   37     -8.9797449271E-04  -1.0065349291E-04   7.8985964022E-04   1.3233954022E-03   1.7378804677E-03
   38      7.3400599525E-04   1.2418794790E-03   1.4503702252E-03  -1.6197670833E-03   9.9634551997E-05
   39      6.3476753664E-04  -1.5005604261E-03   2.4741784758E-04   1.1413077390E-03  -1.6862673616E-03
   40      4.1326497298E-04   1.6188740501E-03  -9.5258018576E-04  -2.2981817475E-04   1.2186020044E-03
   41      1.0109810107E-03  -1.3805064554E-03  -1.9400641105E-05   7.4846871954E-04  -6.6033893854E-04
   42     -5.0215951927E-05  -3.2191393225E-05   4.2838086856E-05   5.3105936014E-05   1.9033680150E-06
   43      8.8523152148E-05   1.1652425762E-05  -3.2924756695E-05  -9.8347829421E-05  -3.8706275614E-05
   44      9.2509494313E-05  -1.0547198465E-06   1.0812272253E-05   2.2449281350E-04   1.3070657747E-04
                   20                 21                 22                 23                 24        
    0     -9.5340561573E-04  -5.9006147789E-02  -2.8856411510E-02   5.1405022965E-02  -9.7753200525E-02
    1     -3.6296825884E-04  -2.3593022072E-02  -7.3696751130E-04   1.3471848415E-02  -2.1582924346E-02
    2      9.9697054271E-04   2.9915540227E-02   7.7423990365E-03   1.0851701281E-04   5.9125632214E-02
    3     -3.9869960791E-04  -1.4949445446E-02  -4.2486543474E-02  -2.9583512143E-02  -7.2938493631E-02
    4      5.8863047957E-04  -3.6321386593E-02  -1.8995032283E-02  -2.3513730790E-02   1.4824492383E-02
    5      8.8125179439E-04  -3.1879313878E-02  -3.0512249635E-02  -1.3179291026E-02   7.1884663717E-03
    6     -3.9376669215E-04  -9.8464840092E-03   6.7232937294E-03  -3.8319654754E-03  -4.3064848406E-02
    7      8.7077644055E-05   6.2144842224E-03  -1.6646937556E-03   2.9440632847E-03   1.5879750669E-02
    8      1.7515326269E-04  -5.0644900884E-03   2.3776740316E-03  -1.4875394332E-03  -1.6929766742E-02
    9     -9.0402808372E-05   1.3281173965E-03   2.0467841442E-03   1.3578085824E-03   1.6443225667E-03
   10      6.5070490056E-04   4.4052797099E-03   2.3759995831E-03   2.6422905458E-03  -7.0520038556E-03
   11      5.8821674097E-04   1.3922513448E-03   1.9061290192E-03   1.9153779130E-03  -3.7840109709E-03
   12      3.4794832214E-03  -6.6884537863E-06  -7.1604417397E-06  -5.4622004018E-04   3.0877104949E-03
   13     -2.6728340517E-02   1.1851588746E-03   3.6387087221E-03  -1.4875015960E-03  -1.8366827376E-03
   14      9.8267561724E-03  -1.6962243523E-03  -1.9083887931E-03   1.8994015529E-03   7.8316347212E-04
   15      2.0984116621E-02  -1.6322741977E-02  -1.1857479252E-03  -4.5579854388E-03   5.7726278409E-03
   16     -1.9807395483E-02  -6.0626243992E-04   1.6720916021E-03  -2.4315858576E-04   5.5407793599E-04
   17     -7.0842000095E-02   8.9527850047E-04  -5.3256524768E-05   2.9106925061E-03  -1.1657228249E-03
   18      4.1970266481E-02  -5.0567487021E-05  -1.7058353410E-04  -1.9101957621E-04   3.2638090091E-03
   19      1.4339886221E-01   3.3125803686E-04   9.4168964876E-04   7.6387010762E-04   1.0013842911E-03
   20      2.7619526142E-01  -1.7598909147E-03   2.9938258297E-04   2.9871779907E-03   1.6444635305E-03
   21     -1.7598909147E-03   4.9596699914E-01   1.0988262182E-01  -5.0030566657E-02  -2.1814823115E-01
   22      2.9938258297E-04   1.0988262182E-01   1.3511654437E-01  -2.9426621686E-02  -1.4442638070E-02
   23      2.9871779907E-03  -5.0030566657E-02  -2.9426621686E-02   3.1938408714E-01  -3.6702390624E-02
   24      1.6444635305E-03  -2.1814823115E-01  -1.4442638070E-02  -3.6702390624E-02   5.3497976054E-01
   25     -2.7037853249E-04   4.2831469529E-04  -6.5794012945E-02   6.5849313608E-03  -1.3656035364E-02
   26     -7.5160552821E-04  -6.1287530574E-02  -6.3912454427E-04  -1.1145355872E-01  -1.1963446226E-02
   27     -7.0118096609E-03  -1.1977522059E-01  -2.5731222219E-02   3.9995967697E-02  -4.2847729195E-02
   28     -2.2249240409E-02  -2.2510782898E-02  -6.7268873103E-02   2.1283174254E-02  -1.0098604416E-02
   29     -2.8482573769E-02   6.5341403839E-02   3.0571499897E-02  -1.6644310633E-01   1.4266990002E-02
   30      6.2220940426E-04  -2.7360625827E-02   1.2246870073E-02  -1.6409748858E-02  -8.2628416611E-02
   31     -7.7821688151E-04  -2.0621992181E-02   6.9916658202E-03  -8.5316547906E-03   4.3162577522E-02
   32     -9.9342395093E-04  -5.8182339309E-03  -7.8105018604E-04   3.1514814871E-03  -8.1721235527E-03
   33     -5.3933202388E-02  -2.1368233237E-02  -1.6385684005E-03   5.6031933460E-03  -1.2518299062E-02
   34     -7.6213504851E-02  -1.3813162296E-02  -4.2379669747E-03  -1.4062219795E-03   8.3612432496E-05
   35     -1.9140084219E-01   4.1543245991E-02   3.0786362712E-03   4.3913012283E-04  -2.0534717255E-03
   36     -5.3377321052E-03  -5.6356714095E-03   1.0286185317E-02   2.6464266435E-02   4.3304932869E-03
   37      1.6571459522E-03   1.3441801544E-03   9.0218669932E-03   1.0210475385E-02  -1.1088612929E-04
   38     -3.0196403559E-04   1.0242019732E-02  -9.3673879332E-03  -2.6297631036E-02  -4.8506087462E-03
   39      9.9581288843E-04  -4.8393169630E-03  -2.5496899344E-02   1.5281607080E-02   5.5081753109E-03
   40     -1.4554279618E-04  -8.6639784496E-03  -1.1245869188E-03   7.6929461948E-03   3.0500169862E-03
   41      8.5210232526E-04   9.8901514820E-03   2.6795997270E-02  -1.4336735797E-02  -4.8857944888E-03
   42      6.9605876387E-05   1.4257794640E-05  -1.1973120469E-03   1.6959107110E-03   1.1312319530E-02
   43     -9.6284350098E-05   2.3666212942E-03   6.3566753793E-05  -9.8268838178E-04  -9.8702664376E-03
   44      2.6951932478E-04  -1.6340087253E-03  -8.5660542666E-05   4.0199661164E-04   7.4584441247E-03
                   25                 26                 27                 28                 29        
    0     -2.7222457173E-02   6.2741603769E-02  -7.3434549418E-04  -1.2239432091E-03  -7.1242221117E-03
    1     -1.0577981393E-01   6.5174075065E-02  -2.7259257219E-04   3.1611815418E-03  -2.6294963050E-03
    2      7.2975786827E-02  -2.1763452129E-01  -2.0583059120E-03  -6.7820395442E-05   5.2944385786E-03
    3      6.6848318800E-03   1.1123770958E-03   2.2815826874E-03   4.0468718410E-04  -3.7512378384E-03
    4     -1.7806069426E-01  -4.9150481518E-02   4.9377356955E-03   1.7126810660E-03  -7.4871636725E-03
    5     -6.0893956785E-02  -9.9594578009E-02   6.5840841906E-03   3.3454053581E-04  -7.0698275654E-03
    6     -2.0153470078E-02  -5.4781581081E-05   2.8131230574E-03   2.2604247055E-04  -3.0229956494E-03
    7      6.4909213584E-03  -2.7251434672E-03  -1.5114886920E-03  -1.1007495128E-03   1.4294532157E-03
    8     -3.8874120165E-03  -1.8213512704E-04   1.4129526705E-03   4.9844213575E-04  -1.2677885196E-03
    9      8.5402718531E-03   1.1471092285E-02   6.2387209888E-04   2.3607336578E-04  -5.8428712002E-04
   10     -3.4219670383E-02  -3.6562572052E-02  -1.3907724189E-03  -1.7460716645E-03   1.3182812073E-03
   11     -3.1129849465E-03  -2.2175387116E-03   7.1043709700E-04  -1.3223590948E-04  -4.7887132522E-04
   12      1.5828233044E-03  -1.2016442849E-04  -4.8932369036E-03   3.9282235267E-02  -1.3309472721E-02
   13     -2.4337745000E-03  -6.7961572648E-04   5.8297759400E-03  -2.7971161819E-02   1.2666542330E-02
   14      5.7163379166E-04   1.3173015775E-05  -4.7019710200E-03   2.2213195676E-02  -1.6207414105E-03
   15      3.4592143434E-03   3.4300973363E-03  -2.8099745537E-02  -1.3106121086E-02   3.6797470564E-02
   16      3.1300470066E-04   5.3817082852E-05  -2.7288077456E-03   4.8647971214E-03   3.7995530288E-03
   17     -6.5479638616E-04  -5.6057876862E-04   7.1589254897E-03   3.7552395176E-03  -3.4691947965E-03
   18      6.1510150605E-04  -9.9951104170E-04  -3.8648735604E-03  -2.2803746365E-02  -3.4562938790E-02
   19     -4.5137832690E-04  -5.5269795922E-04  -1.7209873177E-03  -1.0990331483E-03  -1.2396547586E-02
   20     -2.7037853249E-04  -7.5160552821E-04  -7.0118096609E-03  -2.2249240409E-02  -2.8482573769E-02
   21      4.2831469529E-04  -6.1287530574E-02  -1.1977522059E-01  -2.2510782898E-02   6.5341403839E-02
   22     -6.5794012945E-02  -6.3912454427E-04  -2.5731222219E-02  -6.7268873103E-02   3.0571499897E-02
   23      6.5849313608E-03  -1.1145355872E-01   3.9995967697E-02   2.1283174254E-02  -1.6644310633E-01
   24     -1.3656035364E-02  -1.1963446226E-02  -4.2847729195E-02  -1.0098604416E-02   1.4266990002E-02
   25      5.0302797836E-01  -6.1302556457E-02  -1.6269022582E-02  -1.3277936353E-02   1.0374673881E-02
   26     -6.1302556457E-02   5.2576769210E-01   2.5740772889E-02   6.2995742680E-03   1.0418215269E-02
   27     -1.6269022582E-02   2.5740772889E-02   4.8542016940E-01   1.4101694190E-04   3.3232577080E-02
   28     -1.3277936353E-02   6.2995742680E-03   1.4101694190E-04   6.1359389821E-01   3.4809481762E-02
   29      1.0374673881E-02   1.0418215269E-02   3.3232577080E-02   3.4809481762E-02   5.3536810565E-01
   30      5.5007224833E-02  -2.6200407848E-02  -2.0098899063E-03   1.5316489564E-03  -2.1431641120E-04
   31     -1.1503921782E-01   5.7493258856E-02   4.8793963115E-03   4.5992538163E-03  -5.3102727842E-03
   32      4.4739493051E-02  -8.3342148549E-02  -4.4823834255E-03  -1.3500281311E-03   2.8683820571E-03
   33     -3.8534672896E-03   3.8705539008E-04  -1.7228346425E-01   1.4404699183E-02  -4.1017572638E-02
   34      1.9373342792E-03   2.0403887086E-03   2.0116675307E-02  -7.0111306273E-02   2.1356717499E-03
   35     -2.5899456232E-03  -4.8506735170E-03  -5.9044325445E-02   1.1416374995E-03  -7.6781406777E-02
   36      4.3215999243E-03   4.6545357092E-03  -5.8053382474E-02  -1.9687337095E-02  -3.1433341791E-02
   37      1.9422168934E-03  -3.6969051873E-04  -2.1665000958E-02  -1.5724308109E-01  -1.2939662561E-01
   38     -3.6663595489E-03  -3.0309171652E-03  -2.7172797725E-02  -1.2183964478E-01  -2.0252514440E-01
   39     -1.5936177996E-03   2.3014864449E-03  -5.7931565520E-02   3.3124739702E-02  -1.3931699983E-02
   40      2.3971742712E-04   1.2545407346E-03   3.5549487624E-02  -2.8818968829E-01   5.9361218156E-02
   41     -4.5691701872E-04  -2.0964137175E-03  -1.1234883404E-02   5.4410776027E-02  -6.5255809236E-02
   42      2.2028170836E-03  -1.1173003035E-02  -6.4529381506E-04   5.7065709082E-05  -6.7797700059E-04
   43      1.1053255032E-03   1.9848727931E-02  -1.4186702386E-04   7.6089495728E-05   7.5539727527E-04
   44      1.4062880006E-03  -1.0484411284E-02   8.6238005038E-04   8.9124140670E-04  -5.5467743075E-04
                   30                 31                 32                 33                 34        
    0      1.5441666574E-03   1.6658518716E-03  -2.9273221580E-03   3.4915935116E-03  -1.2430871072E-03
    1     -1.8946682775E-02  -8.0578690944E-03   3.6958905493E-02   1.5521433386E-03  -1.0006747834E-03
    2      2.2182770412E-02   1.2499295292E-02  -4.0478105924E-02  -2.4687483971E-03   7.0311202610E-04
    3      4.7734759343E-03   1.0216244983E-02   7.8325555918E-03   2.6546840818E-03  -4.9435405575E-04
    4     -6.2376909833E-03  -3.3255811764E-02  -3.6621134330E-02   2.3809214623E-03  -2.0404344753E-03
    5     -2.9632074687E-03  -7.0010538128E-03  -3.7309455935E-03   8.8839199584E-04  -5.3419958735E-04
    6     -2.7154364559E-01  -2.5922689115E-02   1.2016010269E-02   2.9836227100E-03  -2.9324669936E-04
    7     -3.9610200856E-02  -7.4046173448E-02   7.1931343300E-03  -1.7582631850E-04  -3.2566651934E-04
    8      4.4418929112E-03   4.9991006269E-03  -7.3450998957E-02   7.1696054584E-05  -1.1057453438E-04
    9     -6.6442453040E-02   6.7285170014E-03   5.2980068516E-03   9.9016081468E-04  -1.6310127138E-04
   10      2.0472121473E-02  -1.9621860278E-01  -9.3081225549E-02  -1.0045295766E-03  -9.3550483154E-04
   11      1.5279204272E-02  -9.2857039082E-02  -1.5106702335E-01  -5.0119892127E-04  -5.3004983674E-04
   12      9.7654919264E-04  -1.4426066241E-04  -3.0606149040E-04  -1.0070265602E-01   4.8678344344E-02
   13     -9.8863281054E-04  -7.8123938283E-04   2.9698052918E-04   6.1003702366E-02  -2.2436480510E-01
   14      5.5802394452E-04   1.8934317171E-04  -4.2087919705E-04  -2.2498371085E-02   4.8968787722E-02
   15      1.0535834980E-03  -1.3171138668E-03   2.1696169902E-04  -1.8184332101E-01  -2.5788592465E-02
   16     -1.9023772896E-06  -4.2090169031E-04   1.5205354531E-06  -2.9792493106E-02  -8.0664619839E-02
   17     -2.1604447329E-04   2.6870233476E-04  -4.3157417941E-04   8.1773335619E-02   2.3028184361E-02
   18      8.3496456223E-04  -5.0098170714E-04  -3.2718624396E-04  -9.9179707191E-02  -2.4619135093E-02
   19      1.1794293321E-04  -7.9569785541E-04  -5.8540793255E-04  -3.2974191508E-02  -1.2419169447E-01
   20      6.2220940426E-04  -7.7821688151E-04  -9.9342395093E-04  -5.3933202388E-02  -7.6213504851E-02
   21     -2.7360625827E-02  -2.0621992181E-02  -5.8182339309E-03  -2.1368233237E-02  -1.3813162296E-02
   22      1.2246870073E-02   6.9916658202E-03  -7.8105018604E-04  -1.6385684005E-03  -4.2379669747E-03
   23     -1.6409748858E-02  -8.5316547906E-03   3.1514814871E-03   5.6031933460E-03  -1.4062219795E-03
   24     -8.2628416611E-02   4.3162577522E-02  -8.1721235527E-03  -1.2518299062E-02   8.3612432496E-05
   25      5.5007224833E-02  -1.1503921782E-01   4.4739493051E-02  -3.8534672896E-03   1.9373342792E-03
   26     -2.6200407848E-02   5.7493258856E-02  -8.3342148549E-02   3.8705539008E-04   2.0403887086E-03
   27     -2.0098899063E-03   4.8793963115E-03  -4.4823834255E-03  -1.7228346425E-01   2.0116675307E-02
   28      1.5316489564E-03   4.5992538163E-03  -1.3500281311E-03   1.4404699183E-02  -7.0111306273E-02
   29     -2.1431641120E-04  -5.3102727842E-03   2.8683820571E-03  -4.1017572638E-02   2.1356717499E-03
   30      5.2101557304E-01  -8.9399481524E-03  -7.1355410426E-02  -3.1753965046E-03   6.4124197958E-04
   31     -8.9399481524E-03   4.8799851818E-01  -2.7359930177E-02   1.6022898775E-03   1.2400203432E-03
   32     -7.1355410426E-02  -2.7359930177E-02   6.1412731252E-01   5.3730656057E-04   7.5930317403E-04
   33     -3.1753965046E-03   1.6022898775E-03   5.3730656057E-04   5.8110206030E-01  -1.3149792910E-02
   34      6.4124197958E-04   1.2400203432E-03   7.5930317403E-04  -1.3149792910E-02   5.1114981416E-01
   35     -8.8602418434E-04   1.2431858559E-03   1.3494350878E-03   3.9055369163E-02  -2.8818331866E-03
   36     -2.5816300286E-04  -8.7752800825E-05   7.3942540821E-04   3.3265132272E-04  -2.1670636331E-02
   37      1.5600045626E-04  -2.9222146079E-04  -8.4256314561E-04   1.5944166265E-03   1.2708425884E-03
   38      5.1519123707E-05   4.2993430611E-04  -2.2713591720E-04  -3.1888394716E-03  -9.7872220375E-03
   39     -1.0730168314E-03  -9.4862423269E-04  -8.7194674538E-05  -1.8434039767E-04   3.1597681510E-02
   40     -6.2196431100E-04  -7.9868838142E-04   1.4561866980E-03  -1.7550863177E-04  -7.7037784716E-03
   41      4.6767314974E-04   1.3586109178E-03   6.5816955368E-04  -4.1248959690E-03   1.4136863983E-02
   42     -7.5706705574E-02  -9.9536965376E-03   6.6864972459E-02  -2.9935506727E-04   1.0812002945E-04
   43     -1.4643846751E-02  -7.1123034474E-02   6.9264865750E-02   2.3563751667E-04  -2.1559630464E-05
   44      7.4612543514E-02   6.3307686056E-02  -2.6801254509E-01  -7.7984713817E-04  -1.3659845983E-04
                   35                 36                 37                 38                 39        
    0      3.5807485241E-03  -3.0061650455E-04   1.8007566572E-04   5.4569781752E-04  -1.4301829712E-03
    1      1.8268993041E-03  -6.0483188297E-04  -3.5586593551E-04   5.0961231994E-04   3.6246963020E-04
    2     -2.3093530873E-03  -6.3223304509E-04  -1.5127365585E-04   1.9363586391E-04   3.4722812539E-04
    3     -1.4844069997E-04  -7.6063391197E-04  -7.6234502678E-04  -7.7929163578E-04  -6.8986569486E-04
    4      8.1952727205E-06  -1.9088920934E-03  -8.4725189752E-04   1.6631517661E-03  -2.5075262481E-04
    5     -2.0050574356E-04  -1.3861015565E-03   9.4657576744E-04   2.5752281044E-03  -8.8275967753E-04
    6      5.7156548290E-04  -1.8717387027E-04  -2.3761867436E-04   2.3039724901E-04   2.2980670024E-04
    7     -1.2426048706E-04   8.7872474680E-05  -4.9677856632E-05  -9.7185883990E-05   1.5614936673E-04
    8     -1.6011266638E-04  -2.3072244623E-04   1.7432955141E-04   1.5542683791E-04  -2.4764429196E-04
    9      1.0151375121E-04  -5.3153439657E-05   5.8920654092E-05  -1.7598723380E-05   3.6610237212E-04
   10     -7.2761384227E-04  -2.7283873051E-04   2.5140424957E-04  -9.7636851996E-06   5.1609609587E-04
   11     -7.8398205645E-04  -3.4598824978E-04   3.0710595484E-04   1.6076826771E-04   7.2807499620E-05
   12     -2.0096122996E-02   1.2691648756E-03  -8.5609908067E-05   8.3306141276E-04  -7.3032703495E-03
   13      5.0127206457E-02   4.9610779096E-04   5.7846110571E-04   3.3789335137E-04   4.1798327724E-03
   14     -8.9982447632E-02   1.8935342935E-03   1.9976024534E-04   1.4194176103E-03  -3.7623990295E-03
   15      7.1751059745E-02   6.3650379485E-04  -8.9797449271E-04   7.3400599525E-04   6.3476753664E-04
   16      2.3158607927E-02   1.1054448881E-03  -1.0065349291E-04   1.2418794790E-03  -1.5005604261E-03
   17     -1.3570367865E-01   1.1169864615E-03   7.8985964022E-04   1.4503702252E-03   2.4741784758E-04
   18     -4.4703828520E-02  -7.1007852220E-03   1.3233954022E-03  -1.6197670833E-03   1.1413077390E-03
   19     -7.7861777637E-02  -9.5556996684E-04   1.7378804677E-03   9.9634551997E-05  -1.6862673616E-03
   20     -1.9140084219E-01  -5.3377321052E-03   1.6571459522E-03  -3.0196403559E-04   9.9581288843E-04
   21      4.1543245991E-02  -5.6356714095E-03   1.3441801544E-03   1.0242019732E-02  -4.8393169630E-03
   22      3.0786362712E-03   1.0286185317E-02   9.0218669932E-03  -9.3673879332E-03  -2.5496899344E-02
   23      4.3913012283E-04   2.6464266435E-02   1.0210475385E-02  -2.6297631036E-02   1.5281607080E-02
   24     -2.0534717255E-03   4.3304932869E-03  -1.1088612929E-04  -4.8506087462E-03   5.5081753109E-03
   25     -2.5899456232E-03   4.3215999243E-03   1.9422168934E-03  -3.6663595489E-03  -1.5936177996E-03
   26     -4.8506735170E-03   4.6545357092E-03  -3.6969051873E-04  -3.0309171652E-03   2.3014864449E-03
   27     -5.9044325445E-02  -5.8053382474E-02  -2.1665000958E-02  -2.7172797725E-02  -5.7931565520E-02
   28      1.1416374995E-03  -1.9687337095E-02  -1.5724308109E-01  -1.2183964478E-01   3.3124739702E-02
   29     -7.6781406777E-02  -3.1433341791E-02  -1.2939662561E-01  -2.0252514440E-01  -1.3931699983E-02
   30     -8.8602418434E-04  -2.5816300286E-04   1.5600045626E-04   5.1519123707E-05  -1.0730168314E-03
   31      1.2431858559E-03  -8.7752800825E-05  -2.9222146079E-04   4.2993430611E-04  -9.4862423269E-04
   32      1.3494350878E-03   7.3942540821E-04  -8.4256314561E-04  -2.2713591720E-04  -8.7194674538E-05
   33      3.9055369163E-02   3.3265132272E-04   1.5944166265E-03  -3.1888394716E-03  -1.8434039767E-04
   34     -2.8818331866E-03  -2.1670636331E-02   1.2708425884E-03  -9.7872220375E-03   3.1597681510E-02
   35      5.1549679372E-01  -2.3583628299E-02   2.9309932143E-03  -1.1625592170E-02  -5.8409540812E-03
   36     -2.3583628299E-02   6.3232889582E-02   2.4385382509E-02   2.4167406647E-02   2.6178791205E-03
   37      2.9309932143E-03   2.4385382509E-02   1.5970279313E-01   1.3584712941E-01  -5.4681878257E-03
   38     -1.1625592170E-02   2.4167406647E-02   1.3584712941E-01   2.2836302806E-01   7.1578264050E-04
   39     -5.8409540812E-03   2.6178791205E-03  -5.4681878257E-03   7.1578264050E-04   6.3868504855E-02
   40      6.0993234572E-04   4.2775038684E-03  -1.5376588784E-02   4.7582324476E-03  -3.3091006105E-02
   41     -3.3316623847E-03   4.0925960791E-03  -2.2501012654E-02   9.5442856112E-03   4.9715926418E-03
   42     -5.0378826227E-05  -7.0002148020E-05   1.9620561065E-04   1.0664576509E-04  -9.1498490683E-04
   43     -1.1197062220E-04   2.1680806586E-04  -2.4012491313E-04  -1.2885600126E-04   9.9028380642E-05
   44     -1.5510205704E-04  -1.7663653861E-04   2.0674270297E-04   1.4622413691E-04  -1.7601564515E-04
                   40                 41                 42                 43                 44        
    0     -5.2893429237E-04   1.1999988521E-03  -6.7641826977E-04   1.1189249206E-03  -1.0901605957E-03
    1      9.1895440348E-05  -1.2939668433E-04   4.1121966485E-03  -4.6872029023E-03   1.4783255406E-03
    2     -4.3458541898E-06  -4.1432748597E-04  -4.3174445837E-03   4.2860494456E-03  -7.0511019910E-04
    3     -4.6698824146E-04   1.3861256004E-04  -5.0267876068E-04   1.6806335780E-04  -6.3305901753E-04
    4     -2.3942966610E-04   6.5006223849E-04  -4.0363037417E-04   9.3661897686E-04   8.5951907850E-04
    5     -2.8709351031E-04   1.1476782524E-03   5.9090998890E-04  -1.1623931031E-03   2.3362967333E-03
    6      9.6083578493E-05   3.4864749367E-04  -3.4960124829E-02  -1.0332532940E-02   6.0137127609E-04
    7      3.8689367620E-04  -3.1332766577E-04  -1.7676297163E-02   3.0894036407E-03   6.2910771533E-04
    8     -4.2448662025E-04   7.8360825878E-05   3.0528915747E-02   5.6226729614E-03   9.7543014635E-03
    9     -8.1877455410E-05  -2.9098847758E-04   7.5548937112E-03   7.9794066439E-03   3.5059819960E-03
   10      1.1055570813E-04  -6.6009878618E-04  -3.4343196708E-04  -5.2439635327E-03  -1.2433204418E-02
   11     -3.1169007018E-04  -3.9337963606E-04  -2.5906147986E-04  -4.1810337819E-02  -2.2786070844E-02
   12      3.5516319478E-04  -2.0669734796E-03   7.1572689324E-05  -7.0708025710E-05   3.0312725757E-04
   13      1.6174357485E-03   1.4982623531E-03  -7.3005155695E-05   8.1288138623E-05  -2.9036625466E-04
