
$orca_hessian_file

$act_atom
  0

$act_coord
  0

$act_energy
        0.000000

$multiplicity
  1

$hessian
45
                    0                  1                  2                  3                  4        
    0      7.5895573471E-02  -1.3084207721E-03  -2.6288553767E-03   4.2654576377E-03  -4.4674409634E-03
    1     -1.3084207721E-03   1.4733871133E-01  -1.2027689226E-01  -6.1058231464E-04   2.2966478960E-02
    2     -2.6288553767E-03  -1.2027689226E-01   2.5521567032E-01   2.2168593972E-02   6.0454440582E-03
    3      4.2654576377E-03  -6.1058231464E-04   2.2168593972E-02   1.4210023952E-01  -7.8686864755E-02
    4     -4.4674409634E-03   2.2966478960E-02   6.0454440582E-03  -7.8686864755E-02   1.6170596863E-01
    5      2.4864114693E-02  -6.5194255160E-03  -6.9848243873E-02  -9.6734276808E-02   1.2000469061E-01
    6      1.0692670645E-03   4.3052937560E-04  -1.5360023890E-03   1.6001962970E-03  -3.9268581209E-03
    7     -2.0383382858E-03  -7.4182405110E-04   2.1597930022E-04  -3.7091876346E-03  -1.0980377374E-02
    8     -2.0679748516E-03  -1.4098836038E-03   6.2784336381E-03  -2.3761516206E-03  -6.3262530909E-03
    9     -1.5511810690E-03  -5.8912121446E-03   2.8478781458E-03   8.7120202649E-04  -6.7524037760E-04
   10     -6.5177010810E-03  -1.0976875405E-02   3.0711934345E-03  -7.5209430760E-04  -5.8729892029E-04
   11      1.8339502859E-03   2.9547813898E-03   1.6028261403E-03  -1.3014676495E-03   1.6392960326E-03
   12     -9.4032083267E-04   4.6526767558E-04  -1.8357160264E-05  -7.6975017469E-04   5.5593743346E-04
   13     -3.2475347898E-05   3.2188746141E-04  -2.1220577684E-04  -4.0701701557E-05   1.5821647699E-04
   14     -4.7305095466E-04  -4.2090956450E-04   1.0935765193E-03  -1.0130909080E-03   6.9015070467E-04
   15     -7.7715034180E-04   9.5507830542E-04  -1.4815553325E-03  -2.3080068913E-03   1.3077333412E-03
   16      1.1395457667E-04   1.6479007254E-04  -2.3227961861E-06  -1.2156136271E-04   1.9199977948E-04
   17      2.2524328147E-04  -2.4389046563E-04   5.3144659221E-04   1.4086116664E-04   5.6861371303E-05
   18     -5.0842366038E-04   4.0340153075E-04  -4.1968438636E-04  -7.0843183456E-04   5.3627298140E-04
   19     -2.5317978095E-04   1.3779941552E-03  -9.1606040384E-04  -9.6652208213E-04   1.1319986305E-03
   20     -8.0451832907E-05  -2.1449081041E-04   3.4153689746E-04  -2.2880239998E-04   2.0574614475E-04
   21     -1.1911441761E-02   2.4917360677E-02  -3.9581831411E-02  -6.0497090885E-02   3.3436839362E-02
   22      3.1060793482E-02  -4.8768370953E-03   2.8654149377E-02   4.2416945405E-02  -6.9433067535E-03
   23     -4.0395506332E-02   2.1872749212E-02  -3.0838798443E-02   3.8388479101E-02  -1.1036916777E-02
   24     -7.6495833279E-02  -1.5951396160E-02   1.3463342967E-02  -9.3562362641E-02   3.3186365564E-02
   25     -1.0362641518E-02  -1.3855529977E-01   7.5017310281E-02   3.9984977540E-02  -1.5214907557E-01
   26      7.2847783920E-03   6.1558677623E-02  -1.3946295976E-01   4.4138958366E-02  -8.0015804607E-02
   27      2.5184179880E-03  -3.0601055871E-03   8.0266530403E-03   8.6390747805E-04  -1.3501667295E-03
   28     -9.1467199763E-04   3.0154558708E-03  -3.4831147441E-03   3.7574119192E-04   3.5373714585E-03
   29     -3.0571378322E-03   4.5201453823E-03  -7.9858844430E-03  -7.5587167145E-03   3.3959275422E-03
   30      5.8798791688E-03   7.5620847374E-04  -6.9658802480E-04   4.6636591319E-03   2.2895993604E-02
   31     -8.1644558557E-03  -1.6302629252E-02   9.8596226309E-03  -2.2284213342E-03  -1.6943007179E-02
   32      1.5694390708E-02   3.9290342418E-02  -2.1183321363E-02  -2.3721199384E-04  -3.3089972307E-02
   33      2.6400759811E-03  -1.8141835435E-03   1.5660528436E-03   3.4341195803E-03  -2.1779304734E-03
   34      4.8426797051E-04  -2.1821737944E-03   1.3517836364E-03   2.4876891662E-03  -2.2243961628E-03
   35     -2.5302176661E-04   4.7414794991E-04  -5.9601615322E-04   2.7456846324E-03  -1.9633155929E-03
   36     -7.2433784544E-04   5.7846684852E-05  -9.5458610590E-04  -1.8675802463E-03  -2.1981585040E-05
   37      3.2941443150E-04  -2.0020101019E-04   5.4636194420E-04   7.1301194078E-04  -1.4849627849E-05
   38     -1.5724795685E-04  -2.1717870858E-04   1.1939800738E-03   1.1528479377E-03  -1.6686639303E-04
   39     -9.8628518530E-04   1.4814789348E-03  -1.9204556524E-03  -2.8653609085E-04   3.6709934596E-04
   40      5.2534195667E-04  -1.2504207406E-03   2.5457338494E-04  -1.1682723150E-04  -3.6881076172E-04
   41     -1.1945654595E-03  -4.2798995089E-04   2.8128837991E-03   4.9182885962E-04  -3.0257404837E-04
   42      1.6263026629E-03  -8.5766124726E-04   1.2069153478E-03   2.2009770890E-03  -9.0334856865E-04
   43      1.5719432971E-03  -9.9056733813E-05   1.5740752452E-04   1.1779874211E-03   5.1908842237E-04
   44      3.6381452449E-04  -1.2234126776E-03   8.4487005399E-04   2.3274059336E-04   7.2324776535E-04
                    5                  6                  7                  8                  9        
    0      2.4864114693E-02   1.0692670645E-03  -2.0383382858E-03  -2.0679748516E-03  -1.5511810690E-03
    1     -6.5194255160E-03   4.3052937560E-04  -7.4182405110E-04  -1.4098836038E-03  -5.8912121446E-03
    2     -6.9848243873E-02  -1.5360023890E-03   2.1597930022E-04   6.2784336381E-03   2.8478781458E-03
    3     -9.6734276808E-02   1.6001962970E-03  -3.7091876346E-03  -2.3761516206E-03   8.7120202649E-04
    4      1.2000469061E-01  -3.9268581209E-03  -1.0980377374E-02  -6.3262530909E-03  -6.7524037760E-04
    5      2.3263193050E-01  -3.0548311994E-03  -6.0119438396E-03  -1.6472676700E-03  -1.8410955856E-03
    6     -3.0548311994E-03   1.0382446543E-01  -6.3681978928E-02  -9.1794230957E-02   7.9069694743E-03
    7     -6.0119438396E-03  -6.3681978928E-02   1.5080899865E-01   1.1788578435E-01  -8.5512196458E-03
    8     -1.6472676700E-03  -9.1794230957E-02   1.1788578435E-01   2.3679115479E-01   2.2198985616E-02
    9     -1.8410955856E-03   7.9069694743E-03  -8.5512196458E-03   2.2198985616E-02   5.6767374137E-02
   10     -2.1993143879E-03  -5.9880950454E-03   2.5140111157E-02  -3.0577671543E-03  -2.4493995175E-03
   11      5.7376660522E-03   2.0114358166E-02   6.6047219452E-03  -7.0853949573E-02  -1.7069622722E-03
   12      5.8703709243E-04  -6.2659367904E-04  -1.0961943564E-04   2.3520817855E-04  -1.7075065965E-04
   13      4.1440592351E-06   4.0368656535E-05   9.1092502148E-05  -1.8951338296E-05  -4.8458655046E-05
   14      8.9792301827E-04  -8.2802750250E-04   4.5845734982E-05   6.1658784386E-04  -6.3425358132E-05
   15      6.9046671926E-04  -1.6351408884E-04  -6.1184261263E-04  -4.8352527870E-04  -2.1460946293E-04
   16      9.0735548704E-05  -7.0516252687E-05   2.5279713872E-04   2.1662916281E-04   4.3343623038E-06
   17      7.6720286877E-05  -7.1576641115E-05   2.9804536453E-04   3.6242314719E-04   6.4094442727E-05
   18      4.4723394082E-04  -7.0772345750E-04   7.4215684757E-05   6.5237180748E-05  -1.9781991597E-04
   19      4.3838618866E-04  -1.0096646397E-03   4.4052415483E-04   2.5371657524E-04  -2.3461544778E-04
   20      2.5274569412E-04  -1.7681191488E-04   9.2537083313E-05   1.2800360488E-04  -2.7428872546E-05
   21      2.0285038428E-02   6.4420577570E-03  -5.6862851951E-03  -4.2253441198E-03   3.1296384492E-03
   22     -4.2075773665E-03   1.7881379585E-03   2.6879578335E-03   1.7122682302E-03   1.8919671105E-05
   23      7.9576176241E-03   1.4436623828E-03   2.6134066605E-03   2.6955844297E-03   2.0060911768E-03
   24      4.3017080145E-02   4.5893416895E-03   2.7862985702E-02   1.7609567693E-02   2.7801681186E-03
   25     -8.7697943719E-02  -5.4123078084E-03  -1.4628900783E-02  -1.0682080743E-02  -1.1319759350E-02
   26     -1.5874915195E-01  -3.3438610585E-03  -2.9203707418E-02  -2.2150528845E-02   1.5699581648E-02
   27     -2.5800454027E-03  -4.8667036465E-03   7.3253865636E-04   9.3231749898E-04   3.3994119462E-04
   28     -3.1442042339E-05   1.0350097656E-03  -2.4055286645E-03  -8.5262883687E-04  -1.4414273602E-05
   29      4.0570522653E-03   5.6100973446E-04  -1.7849593583E-03  -2.3712255400E-03  -2.0606403252E-04
   30      1.6680057279E-02  -1.1118232651E-01   4.7754501878E-02   5.3196359117E-02  -7.9406505379E-02
   31     -1.3913935279E-02   5.1262388099E-02  -1.4465965318E-01  -8.8453407797E-02   7.7212894163E-03
   32     -2.0143266347E-02   4.4890165579E-02  -7.2992680611E-02  -1.4557037002E-01  -1.2713285428E-02
   33     -1.7880886023E-03   1.9856857662E-03   2.4481843065E-04  -2.2623143977E-04   7.0677289637E-04
   34     -9.0562892475E-04   1.1413221314E-04  -2.0215716345E-04  -3.2072423934E-04   2.0159417965E-04
   35     -1.3621013251E-03   4.2405709971E-04  -2.7032693245E-04  -4.3913737561E-04  -2.3620899716E-06
   36      5.4293454716E-04  -1.8891863558E-04  -1.0341965191E-03  -1.0212258331E-03   2.0623104227E-04
   37     -1.4379710847E-04  -1.7934215040E-03   5.1079714872E-04   3.4799140511E-05  -7.9168248758E-05
   38     -4.3576039564E-04   2.9861083083E-04  -1.8596916977E-04  -5.2863836301E-04  -1.9574777781E-04
   39     -7.9394745280E-04   4.8265709422E-05  -3.2167916178E-04  -4.8661499384E-04   1.6683879431E-05
   40      3.4845324446E-04   6.3325710996E-04  -2.7061763095E-04  -6.3245484256E-04  -1.9056315277E-05
   41      2.1822347932E-04  -8.1057405271E-04   2.5630846587E-05   5.2069865038E-04   3.2106844829E-05
   42     -3.3195432790E-04  -9.7304691753E-03   9.1506802190E-03   8.5317713418E-03   8.8158852677E-03
   43      8.8493711093E-04   2.6503625968E-02  -6.0432197396E-03  -8.3193864534E-03   2.1353016477E-02
   44      3.5591264537E-04   3.3795904390E-02  -1.7362023325E-02  -3.8317687206E-03  -2.6114353416E-02
                   10                 11                 12                 13                 14        
    0     -6.5177010810E-03   1.8339502859E-03  -9.4032083267E-04  -3.2475347898E-05  -4.7305095466E-04
    1     -1.0976875405E-02   2.9547813898E-03   4.6526767558E-04   3.2188746141E-04  -4.2090956450E-04
    2      3.0711934345E-03   1.6028261403E-03  -1.8357160264E-05  -2.1220577684E-04   1.0935765193E-03
    3     -7.5209430760E-04  -1.3014676495E-03  -7.6975017469E-04  -4.0701701557E-05  -1.0130909080E-03
    4     -5.8729892029E-04   1.6392960326E-03   5.5593743346E-04   1.5821647699E-04   6.9015070467E-04
    5     -2.1993143879E-03   5.7376660522E-03   5.8703709243E-04   4.1440592351E-06   8.9792301827E-04
    6     -5.9880950454E-03   2.0114358166E-02  -6.2659367904E-04   4.0368656535E-05  -8.2802750250E-04
    7      2.5140111157E-02   6.6047219452E-03  -1.0961943564E-04   9.1092502148E-05   4.5845734982E-05
    8     -3.0577671543E-03  -7.0853949573E-02   2.3520817855E-04  -1.8951338296E-05   6.1658784386E-04
    9     -2.4493995175E-03  -1.7069622722E-03  -1.7075065965E-04  -4.8458655046E-05  -6.3425358132E-05
   10      1.7547816758E-01  -1.5090608555E-01  -3.5082303799E-04   2.0909097508E-04  -5.6876859495E-04
   11     -1.5090608555E-01   2.7847154422E-01   3.8534985531E-04  -1.9078567765E-04   8.4248558145E-04
   12     -3.5082303799E-04   3.8534985531E-04   8.2877759073E-02  -1.7874217685E-02   5.6617082989E-02
   13      2.0909097508E-04  -1.9078567765E-04  -1.7874217685E-02   1.0079920100E-01  -7.9299447614E-02
   14     -5.6876859495E-04   8.4248558145E-04   5.6617082989E-02  -7.9299447614E-02   3.5160568174E-01
   15     -4.7408610978E-04   2.2336749423E-04   1.2643308412E-02  -1.7525817924E-03   2.3442152486E-02
   16      1.5112452898E-04  -1.6958626607E-05  -2.0332796293E-03   1.4047105379E-02  -7.3513953768E-03
   17      2.0014433593E-05   1.7332272463E-04   3.6078911184E-02  -1.2082521512E-02  -7.2536819747E-02
   18     -1.6151294078E-04   2.4084726383E-04   1.4537221045E-02   9.6969719442E-03  -1.7496942476E-03
   19      2.7125629096E-04   3.2145492028E-05   4.6169865478E-03  -4.3568660050E-02   4.5326784106E-02
   20     -1.0199052030E-04   1.9566200943E-04   1.3571696796E-03   5.8257721024E-02  -1.9125196943E-02
   21     -2.8236789304E-03   2.1033298612E-03  -1.0022772369E-04  -9.5247818143E-04  -1.7885677036E-03
   22      2.1103477276E-03  -1.5126293780E-03   2.1282886298E-04   8.1681950442E-04   5.2144853041E-04
   23     -2.7554849399E-03   3.8998600191E-03  -1.8167116410E-04  -6.4149264893E-06   3.0972885513E-03
   24      7.2018421112E-03  -1.3400221976E-04   3.3102479792E-03  -1.2091715645E-04   1.9263201132E-03
   25     -1.8350093944E-02   8.3230496576E-03  -8.6324644573E-04  -4.2487382331E-04   1.5246390292E-04
   26      4.0294118072E-02  -1.8556558949E-02  -6.4158136614E-04   3.2948493474E-04  -8.7204350532E-04
   27      1.1949186267E-03   3.4653703775E-04  -4.0583478617E-03  -1.7016918309E-03  -7.2890031367E-03
   28     -1.3558002315E-03   1.1359869040E-04   9.8310330419E-03   7.4152991544E-03   9.8362206160E-03
   29     -5.5519225932E-04  -3.5073373297E-04  -4.0138292521E-02  -3.1103746111E-03  -3.6117654340E-02
   30      9.9156699793E-03  -1.8541228165E-02   6.3318140257E-04   6.0386643146E-05   8.1595126928E-04
   31     -1.6355930539E-01   1.1216250462E-01   4.1396661399E-04  -3.2217192871E-04   3.7912094802E-04
   32      9.5538673087E-02  -1.7966300068E-01  -7.1966644521E-04   2.3334760170E-04  -1.6590742751E-03
   33      9.9593864274E-04  -9.6460306960E-04  -1.0137686908E-01   1.2315099822E-02  -6.4809081113E-02
   34     -4.0802154479E-04   2.2083767668E-04   7.2011319773E-03  -8.1848444135E-02   3.3136255253E-02
   35      6.7504229642E-04  -1.1155378520E-03  -5.3360739172E-02   3.6247596163E-02  -2.2925484543E-01
   36     -3.9868316844E-04   3.2715568493E-05   9.4440679473E-04   1.9022906039E-03   3.8210758614E-04
   37      1.5678548700E-04   1.9897459319E-04   4.0648611363E-04   1.5480981024E-03  -4.4521394537E-06
   38      3.2198369419E-04  -5.6533670560E-04   6.3637864573E-04   5.5526232702E-04   6.9963284871E-04
   39      2.2159777237E-04  -4.1987944962E-04  -6.8177695515E-03  -1.4538914938E-03  -5.1196823755E-03
   40      6.6594407732E-05  -2.9708935635E-04  -2.4078414911E-03   7.3221810061E-04  -2.5022832446E-03
   41     -1.5476870387E-05   2.2384300852E-04  -8.5090498754E-04  -5.8382901434E-04   6.3321543575E-04
   42      3.6949687661E-04  -2.1903257497E-03  -8.5495144153E-05  -1.0994381725E-05  -5.7544308543E-05
   43     -8.3460827188E-03   2.0637282036E-02  -9.1319985000E-05   2.5121280299E-05  -4.9199995744E-05
   44      2.0275411715E-02  -2.0042092267E-02   2.1628357971E-05  -1.4858904422E-05   7.9242701862E-05
                   15                 16                 17                 18                 19        
    0     -7.7715034180E-04   1.1395457667E-04   2.2524328147E-04  -5.0842366038E-04  -2.5317978095E-04
    1      9.5507830542E-04   1.6479007254E-04  -2.4389046563E-04   4.0340153075E-04   1.3779941552E-03
    2     -1.4815553325E-03  -2.3227961861E-06   5.3144659221E-04  -4.1968438636E-04  -9.1606040384E-04
    3     -2.3080068913E-03  -1.2156136271E-04   1.4086116664E-04  -7.0843183456E-04  -9.6652208213E-04
    4      1.3077333412E-03   1.9199977948E-04   5.6861371303E-05   5.3627298140E-04   1.1319986305E-03
    5      6.9046671926E-04   9.0735548704E-05   7.6720286877E-05   4.4723394082E-04   4.3838618866E-04
    6     -1.6351408884E-04  -7.0516252687E-05  -7.1576641115E-05  -7.0772345750E-04  -1.0096646397E-03
    7     -6.1184261263E-04   2.5279713872E-04   2.9804536453E-04   7.4215684757E-05   4.4052415483E-04
    8     -4.8352527870E-04   2.1662916281E-04   3.6242314719E-04   6.5237180748E-05   2.5371657524E-04
    9     -2.1460946293E-04   4.3343623038E-06   6.4094442727E-05  -1.9781991597E-04  -2.3461544778E-04
   10     -4.7408610978E-04   1.5112452898E-04   2.0014433593E-05  -1.6151294078E-04   2.7125629096E-04
   11      2.2336749423E-04  -1.6958626607E-05   1.7332272463E-04   2.4084726383E-04   3.2145492028E-05
   12      1.2643308412E-02  -2.0332796293E-03   3.6078911184E-02   1.4537221045E-02   4.6169865478E-03
   13     -1.7525817924E-03   1.4047105379E-02  -1.2082521512E-02   9.6969719442E-03  -4.3568660050E-02
   14      2.3442152486E-02  -7.3513953768E-03  -7.2536819747E-02  -1.7496942476E-03   4.5326784106E-02
   15      2.1296924370E-01  -8.6752482547E-02  -1.2316219526E-01   7.4662315340E-03   2.7366056226E-02
   16     -8.6752482547E-02   1.2794071052E-01   7.2808068041E-02   3.9717512587E-02  -5.7498772089E-02
   17     -1.2316219526E-01   7.2808068041E-02   1.8082984286E-01   8.5210378505E-03  -2.7153639108E-02
   18      7.4662315340E-03   3.9717512587E-02   8.5210378505E-03   7.4481262338E-02   3.0623007850E-02
   19      2.7366056226E-02  -5.7498772089E-02  -2.7153639108E-02   3.0623007850E-02   3.8194120749E-01
   20      6.0943613721E-03  -3.2895621482E-02   3.9836376830E-03  -2.5903937416E-03  -1.7337114809E-02
   21     -1.6468247376E-02  -6.7672394345E-04   5.9476866932E-04   9.8336422562E-05  -2.2319905603E-03
   22     -5.6674246418E-04   1.8018212360E-03   2.9244376680E-04  -4.4499704738E-04   4.9406543507E-03
   23     -4.5309716431E-03   1.1532186365E-04   2.7128278564E-03  -6.4798447560E-04   5.9487555093E-04
   24      5.6058103003E-03  -4.5564307000E-04  -8.7960361515E-04   3.0329691055E-03   2.3569819763E-03
   25     -2.8633058668E-03   1.2670522650E-04   3.8995631966E-04  -1.1891823397E-03  -2.7458797913E-03
   26      4.6319122014E-03   5.0212994458E-05  -7.0300447733E-04   4.1415695037E-04   1.7478658664E-03
   27     -2.9390826643E-02   2.0953770999E-03   6.1918727470E-03  -6.4071279582E-04  -3.1990328164E-03
   28      2.1509212229E-02   3.9567184393E-03  -5.1571723292E-03  -3.8944676893E-02  -4.0122604290E-02
   29      3.0898669366E-02  -3.0497841373E-03  -3.0094335902E-04   3.6810636512E-04  -8.7124033706E-04
   30      1.0922717136E-05   1.6060178918E-04   1.3120146081E-04   6.1655377252E-04   1.0235266534E-03
   31      1.7073999229E-03  -4.8801455520E-04  -4.4442376344E-04   1.3574198619E-04  -8.6978557468E-04
   32     -6.5921905027E-05  -1.6905786045E-04  -4.9962785343E-04  -5.4323225819E-04  -6.4328539244E-04
   33     -1.9037609370E-01   4.7262028898E-02   7.0862933730E-02  -9.1953597292E-02  -5.2344508945E-02
   34      3.9518403070E-02  -9.2378358675E-02  -2.8967643878E-02  -3.9545639287E-02  -2.4652048419E-01
   35      6.2443027138E-02  -3.0156764977E-02  -1.1594990844E-01  -3.2929707480E-03   5.7694693741E-04
   36      5.9419002485E-04   1.3916299431E-03  -2.6434149664E-04  -6.6353319484E-03  -5.7447401462E-03
   37     -2.3625673461E-04   2.1914446899E-03   1.8550993151E-04  -1.3013279873E-03   5.9740393914E-04
   38      9.9324280108E-04   7.6321638388E-04  -5.4869611260E-04  -1.5817876463E-03  -2.0315730286E-03
   39      6.2247514873E-04  -5.9720867321E-04   1.4244064773E-03   1.2284630043E-03   1.8489193827E-04
   40      1.2250552456E-03  -5.2918591221E-04   1.2674168360E-05   4.4130640264E-04   6.1105326841E-04
   41      4.4900309011E-04  -5.2446274775E-04   1.8359193517E-03   7.6955952008E-04   5.4035613095E-05
   42     -2.1373332709E-04   1.2654033783E-05   4.2808911504E-05  -1.0899631773E-04  -1.3555179554E-04
   43     -3.8231802344E-04   6.9114221797E-05   9.5085922342E-05  -9.2739448686E-05   1.4093707079E-05
   44     -4.2456163345E-05   1.2815746974E-05   3.2859485363E-05   1.6849602976E-05   3.9796648009E-05
                   20                 21                 22                 23                 24        
    0     -8.0451832907E-05  -1.1911441761E-02   3.1060793482E-02  -4.0395506332E-02  -7.6495833279E-02
    1     -2.1449081041E-04   2.4917360677E-02  -4.8768370953E-03   2.1872749212E-02  -1.5951396160E-02
    2      3.4153689746E-04  -3.9581831411E-02   2.8654149377E-02  -3.0838798443E-02   1.3463342967E-02
    3     -2.2880239998E-04  -6.0497090885E-02   4.2416945405E-02   3.8388479101E-02  -9.3562362641E-02
    4      2.0574614475E-04   3.3436839362E-02  -6.9433067535E-03  -1.1036916777E-02   3.3186365564E-02
    5      2.5274569412E-04   2.0285038428E-02  -4.2075773665E-03   7.9576176241E-03   4.3017080145E-02
    6     -1.7681191488E-04   6.4420577570E-03   1.7881379585E-03   1.4436623828E-03   4.5893416895E-03
    7      9.2537083313E-05  -5.6862851951E-03   2.6879578335E-03   2.6134066605E-03   2.7862985702E-02
    8      1.2800360488E-04  -4.2253441198E-03   1.7122682302E-03   2.6955844297E-03   1.7609567693E-02
    9     -2.7428872546E-05   3.1296384492E-03   1.8919671105E-05   2.0060911768E-03   2.7801681186E-03
   10     -1.0199052030E-04  -2.8236789304E-03   2.1103477276E-03  -2.7554849399E-03   7.2018421112E-03
   11      1.9566200943E-04   2.1033298612E-03  -1.5126293780E-03   3.8998600191E-03  -1.3400221976E-04
   12      1.3571696796E-03  -1.0022772369E-04   2.1282886298E-04  -1.8167116410E-04   3.3102479792E-03
   13      5.8257721024E-02  -9.5247818143E-04   8.1681950442E-04  -6.4149264893E-06  -1.2091715645E-04
   14     -1.9125196943E-02  -1.7885677036E-03   5.2144853041E-04   3.0972885513E-03   1.9263201132E-03
   15      6.0943613721E-03  -1.6468247376E-02  -5.6674246418E-04  -4.5309716431E-03   5.6058103003E-03
   16     -3.2895621482E-02  -6.7672394345E-04   1.8018212360E-03   1.1532186365E-04  -4.5564307000E-04
   17      3.9836376830E-03   5.9476866932E-04   2.9244376680E-04   2.7128278564E-03  -8.7960361515E-04
   18     -2.5903937416E-03   9.8336422562E-05  -4.4499704738E-04  -6.4798447560E-04   3.0329691055E-03
   19     -1.7337114809E-02  -2.2319905603E-03   4.9406543507E-03   5.9487555093E-04   2.3569819763E-03
   20      7.9252871867E-02  -1.3098874669E-03   1.1131922839E-03   1.1040008919E-03   1.4072306561E-04
   21     -1.3098874669E-03   5.0726556717E-01  -1.2562996294E-01  -1.2235959156E-02  -2.2486088306E-01
   22      1.1131922839E-03  -1.2562996294E-01   1.5394183151E-01   6.0489802353E-02   9.7783355368E-03
   23      1.1040008919E-03  -1.2235959156E-02   6.0489802353E-02   2.8666909374E-01  -4.2221788077E-02
   24      1.4072306561E-04  -2.2486088306E-01   9.7783355368E-03  -4.2221788077E-02   5.5167896069E-01
   25      1.3913863931E-04  -9.8049423715E-03  -6.8691201299E-02  -1.5025309260E-02   1.7345319675E-02
   26     -3.4133550320E-04  -6.2734746874E-02  -7.9191395054E-03  -1.1032445043E-01  -5.2248681479E-03
   27     -1.5989074495E-03  -1.2198400586E-01   3.7147209785E-02   3.1833948704E-02  -4.4171420286E-02
   28     -1.0997069818E-02   3.9385319752E-02  -8.1777651540E-02  -3.7733183388E-02   1.1651306948E-02
   29      6.2757340374E-03   5.7415967671E-02  -4.7527918057E-02  -1.4055515552E-01   8.4281037744E-03
   30      2.5671051204E-04  -4.1200699350E-02  -2.2655527133E-02  -1.4703307066E-02  -1.1415307465E-01
   31     -4.9407515046E-05   2.0359743998E-02   7.5975064153E-03   4.7017937396E-03  -6.5928786009E-02
   32     -3.6984294151E-04  -1.1249694514E-02  -4.2090289804E-03  -2.0544754377E-03  -2.1074865592E-02
   33     -1.7151447506E-03  -2.3028971705E-02   1.6337398796E-03   5.0315187719E-03  -1.2739746085E-02
   34      2.1713425202E-03   2.5151996906E-02  -3.3890491317E-03   3.2273119346E-03  -1.3466511438E-03
   35     -7.3564841771E-02   3.5335204106E-02  -2.0710268938E-04   4.7052470554E-05  -1.7232963796E-03
   36     -2.0575322520E-03  -8.9690954374E-03   2.9590049398E-02   6.7798797515E-03   5.6057737177E-03
   37     -8.0781689181E-04   1.0822921918E-02  -8.7897855883E-03  -7.0014134337E-03  -3.2743036199E-03
   38      3.7102069677E-04   9.1436240507E-03  -2.6173129323E-02  -2.4598557677E-03  -3.4175567972E-03
   39      1.9277615315E-03  -5.9120572443E-03  -1.9426981467E-03   2.9933131252E-02   4.7401223632E-03
   40      2.9934311098E-04   8.9366932232E-04   4.4468537486E-03  -1.8126589922E-02  -9.1325499027E-04
   41      1.4736050648E-03   9.0717878712E-03  -3.3415429721E-04  -2.1699693586E-02  -4.0399201453E-03
   42     -8.6466506909E-06  -2.0028793991E-03  -2.3671043454E-03  -4.8882117735E-04  -1.5360073966E-02
   43      1.2851141339E-05  -7.2017177177E-03  -3.8759609221E-03  -1.8874081997E-03  -2.1344844797E-02
   44      2.2398712525E-05  -8.3439146278E-04  -7.3516541252E-04  -2.5089639215E-04  -5.7985954979E-03
                   25                 26                 27                 28                 29        
    0     -1.0362641518E-02   7.2847783920E-03   2.5184179880E-03  -9.1467199763E-04  -3.0571378322E-03
    1     -1.3855529977E-01   6.1558677623E-02  -3.0601055871E-03   3.0154558708E-03   4.5201453823E-03
    2      7.5017310281E-02  -1.3946295976E-01   8.0266530403E-03  -3.4831147441E-03  -7.9858844430E-03
    3      3.9984977540E-02   4.4138958366E-02   8.6390747805E-04   3.7574119192E-04  -7.5587167145E-03
    4     -1.5214907557E-01  -8.0015804607E-02  -1.3501667295E-03   3.5373714585E-03   3.3959275422E-03
    5     -8.7697943719E-02  -1.5874915195E-01  -2.5800454027E-03  -3.1442042339E-05   4.0570522653E-03
    6     -5.4123078084E-03  -3.3438610585E-03  -4.8667036465E-03   1.0350097656E-03   5.6100973446E-04
    7     -1.4628900783E-02  -2.9203707418E-02   7.3253865636E-04  -2.4055286645E-03  -1.7849593583E-03
    8     -1.0682080743E-02  -2.2150528845E-02   9.3231749898E-04  -8.5262883687E-04  -2.3712255400E-03
    9     -1.1319759350E-02   1.5699581648E-02   3.3994119462E-04  -1.4414273602E-05  -2.0606403252E-04
   10     -1.8350093944E-02   4.0294118072E-02   1.1949186267E-03  -1.3558002315E-03  -5.5519225932E-04
   11      8.3230496576E-03  -1.8556558949E-02   3.4653703775E-04   1.1359869040E-04  -3.5073373297E-04
   12     -8.6324644573E-04  -6.4158136614E-04  -4.0583478617E-03   9.8310330419E-03  -4.0138292521E-02
   13     -4.2487382331E-04   3.2948493474E-04  -1.7016918309E-03   7.4152991544E-03  -3.1103746111E-03
   14      1.5246390292E-04  -8.7204350532E-04  -7.2890031367E-03   9.8362206160E-03  -3.6117654340E-02
   15     -2.8633058668E-03   4.6319122014E-03  -2.9390826643E-02   2.1509212229E-02   3.0898669366E-02
   16      1.2670522650E-04   5.0212994458E-05   2.0953770999E-03   3.9567184393E-03  -3.0497841373E-03
   17      3.8995631966E-04  -7.0300447733E-04   6.1918727470E-03  -5.1571723292E-03  -3.0094335902E-04
   18     -1.1891823397E-03   4.1415695037E-04  -6.4071279582E-04  -3.8944676893E-02   3.6810636512E-04
   19     -2.7458797913E-03   1.7478658664E-03  -3.1990328164E-03  -4.0122604290E-02  -8.7124033706E-04
   20      1.3913863931E-04  -3.4133550320E-04  -1.5989074495E-03  -1.0997069818E-02   6.2757340374E-03
   21     -9.8049423715E-03  -6.2734746874E-02  -1.2198400586E-01   3.9385319752E-02   5.7415967671E-02
   22     -6.8691201299E-02  -7.9191395054E-03   3.7147209785E-02  -8.1777651540E-02  -4.7527918057E-02
   23     -1.5025309260E-02  -1.1032445043E-01   3.1833948704E-02  -3.7733183388E-02  -1.4055515552E-01
   24      1.7345319675E-02  -5.2248681479E-03  -4.4171420286E-02   1.1651306948E-02   8.4281037744E-03
   25      5.2739943330E-01   4.4548596529E-02   2.1241162301E-02  -1.7016927974E-02  -2.6271043079E-03
   26      4.4548596529E-02   4.8242003093E-01   1.7070125236E-02   2.4848913071E-03   1.4982956296E-02
   27      2.1241162301E-02   1.7070125236E-02   4.8024542111E-01   1.2029199944E-03   4.0530768131E-02
   28     -1.7016927974E-02   2.4848913071E-03   1.2029199944E-03   5.9320143213E-01  -5.2781269904E-02
   29     -2.6271043079E-03   1.4982956296E-02   4.0530768131E-02  -5.2781269904E-02   5.6775825538E-01
   30     -4.7227080771E-02  -1.9586317409E-02   1.7052135998E-03  -2.9566318709E-03  -2.8253504251E-03
   31     -1.3165069663E-01  -2.1626164943E-02  -5.9457802885E-03   5.9468136356E-03   4.9221587456E-03
   32     -1.6976469102E-02  -3.9530306016E-02  -3.0895706018E-03   3.8929099949E-04   2.2399428633E-03
   33      3.0705277936E-03  -1.0677291541E-03  -1.6820704437E-01  -3.5024881973E-02  -3.4206686804E-02
   34      3.2087226601E-03  -4.6840692709E-03  -4.6680359027E-02  -7.9060108702E-02  -6.0656867133E-03
   35      1.2794169861E-03  -4.2823435386E-03  -4.9524459457E-02  -5.5618598381E-03  -7.5764667299E-02
   36      2.4715686754E-03   2.1217405926E-03  -5.2397337232E-02  -1.9097323860E-02  -3.8704090525E-03
   37     -1.7875559425E-04  -1.6385866100E-03  -1.8013793408E-02  -3.1145205223E-01   1.9364120304E-02
   38     -4.3414696340E-04  -2.0127297628E-03  -1.2650266687E-03   2.3976068515E-02  -5.2934373321E-02
   39     -2.7335734088E-03   6.0009694830E-03  -6.0443807608E-02   1.2105616351E-02  -4.5766164175E-02
   40      2.6455696673E-03  -1.3941390557E-03   1.4842063771E-02  -8.2954223759E-02   8.7421246957E-02
   41      2.0426510800E-03  -3.5284987537E-03  -4.0141762297E-02   8.0075939010E-02  -2.7862606262E-01
   42      7.6151433291E-03  -4.8337601462E-03   4.8730492996E-04  -1.8448083785E-04  -5.5003658015E-04
   43      1.1011274329E-02  -4.9599994955E-03   1.5356618859E-03  -9.2819330024E-04  -1.2961369899E-03
   44      1.9782342778E-03   3.1109242738E-03   5.3278571193E-04  -2.3220049470E-04  -3.0724066319E-04
                   30                 31                 32                 33                 34        
    0      5.8798791688E-03  -8.1644558557E-03   1.5694390708E-02   2.6400759811E-03   4.8426797051E-04
    1      7.5620847374E-04  -1.6302629252E-02   3.9290342418E-02  -1.8141835435E-03  -2.1821737944E-03
    2     -6.9658802480E-04   9.8596226309E-03  -2.1183321363E-02   1.5660528436E-03   1.3517836364E-03
    3      4.6636591319E-03  -2.2284213342E-03  -2.3721199384E-04   3.4341195803E-03   2.4876891662E-03
    4      2.2895993604E-02  -1.6943007179E-02  -3.3089972307E-02  -2.1779304734E-03  -2.2243961628E-03
    5      1.6680057279E-02  -1.3913935279E-02  -2.0143266347E-02  -1.7880886023E-03  -9.0562892475E-04
    6     -1.1118232651E-01   5.1262388099E-02   4.4890165579E-02   1.9856857662E-03   1.1413221314E-04
    7      4.7754501878E-02  -1.4465965318E-01  -7.2992680611E-02   2.4481843065E-04  -2.0215716345E-04
    8      5.3196359117E-02  -8.8453407797E-02  -1.4557037002E-01  -2.2623143977E-04  -3.2072423934E-04
    9     -7.9406505379E-02   7.7212894163E-03  -1.2713285428E-02   7.0677289637E-04   2.0159417965E-04
   10      9.9156699793E-03  -1.6355930539E-01   9.5538673087E-02   9.9593864274E-04  -4.0802154479E-04
   11     -1.8541228165E-02   1.1216250462E-01  -1.7966300068E-01  -9.6460306960E-04   2.2083767668E-04
   12      6.3318140257E-04   4.1396661399E-04  -7.1966644521E-04  -1.0137686908E-01   7.2011319773E-03
   13      6.0386643146E-05  -3.2217192871E-04   2.3334760170E-04   1.2315099822E-02  -8.1848444135E-02
   14      8.1595126928E-04   3.7912094802E-04  -1.6590742751E-03  -6.4809081113E-02   3.3136255253E-02
   15      1.0922717136E-05   1.7073999229E-03  -6.5921905027E-05  -1.9037609370E-01   3.9518403070E-02
   16      1.6060178918E-04  -4.8801455520E-04  -1.6905786045E-04   4.7262028898E-02  -9.2378358675E-02
   17      1.3120146081E-04  -4.4442376344E-04  -4.9962785343E-04   7.0862933730E-02  -2.8967643878E-02
   18      6.1655377252E-04   1.3574198619E-04  -5.4323225819E-04  -9.1953597292E-02  -3.9545639287E-02
   19      1.0235266534E-03  -8.6978557468E-04  -6.4328539244E-04  -5.2344508945E-02  -2.4652048419E-01
   20      2.5671051204E-04  -4.9407515046E-05  -3.6984294151E-04  -1.7151447506E-03   2.1713425202E-03
   21     -4.1200699350E-02   2.0359743998E-02  -1.1249694514E-02  -2.3028971705E-02   2.5151996906E-02
   22     -2.2655527133E-02   7.5975064153E-03  -4.2090289804E-03   1.6337398796E-03  -3.3890491317E-03
   23     -1.4703307066E-02   4.7017937396E-03  -2.0544754377E-03   5.0315187719E-03   3.2273119346E-03
   24     -1.1415307465E-01  -6.5928786009E-02  -2.1074865592E-02  -1.2739746085E-02  -1.3466511438E-03
   25     -4.7227080771E-02  -1.3165069663E-01  -1.6976469102E-02   3.0705277936E-03   3.2087226601E-03
   26     -1.9586317409E-02  -2.1626164943E-02  -3.9530306016E-02  -1.0677291541E-03  -4.6840692709E-03
   27      1.7052135998E-03  -5.9457802885E-03  -3.0895706018E-03  -1.6820704437E-01  -4.6680359027E-02
   28     -2.9566318709E-03   5.9468136356E-03   3.8929099949E-04  -3.5024881973E-02  -7.9060108702E-02
   29     -2.8253504251E-03   4.9221587456E-03   2.2399428633E-03  -3.4206686804E-02  -6.0656867133E-03
   30      6.2931975116E-01  -5.1528718734E-02   4.6997226228E-02  -1.9816361569E-03  -6.1163303853E-04
   31     -5.1528718734E-02   5.3093282024E-01  -1.8441338713E-02  -1.5342893541E-03   4.0015516556E-04
   32      4.6997226228E-02  -1.8441338713E-02   4.6447735331E-01   1.6649981017E-03   1.5667285909E-04
   33     -1.9816361569E-03  -1.5342893541E-03   1.6649981017E-03   5.7886704341E-01   3.0541484961E-02
   34     -6.1163303853E-04   4.0015516556E-04   1.5667285909E-04   3.0541484961E-02   5.1528253185E-01
   35     -5.3684222643E-04  -8.4310644569E-04   2.0842589691E-03   3.2120726051E-02   7.4886857583E-03
   36     -1.3564099535E-03   1.6526535105E-03   7.7051293197E-04   2.2256333141E-03  -3.0413200155E-02
   37      1.2574025945E-03  -1.2071538670E-03  -7.0498930601E-04  -4.4805979485E-04  -1.3515355979E-02
   38      1.5099789411E-04  -2.3330787211E-04   1.4652485559E-03  -3.4109360078E-03  -1.1568465323E-02
   39     -8.1777276067E-04   2.8674072178E-04   8.9510952948E-04  -5.7723972011E-04   1.2615631432E-02
   40     -3.6604498094E-04   2.5137830730E-04   1.2125228130E-03  -3.0438746662E-03   2.7621612681E-03
   41      5.7084607075E-04  -6.0151764954E-04  -7.0004575096E-04  -3.1739107381E-03   4.6180974358E-03
   42     -2.9273073620E-01   5.1739336509E-02  -6.1330239410E-02   3.8186715902E-04   1.5312648552E-04
   43      4.1572535711E-02  -6.9126256207E-02   1.0409295658E-02   4.5211461096E-04   7.4978536652E-05
   44     -6.1798431445E-02   1.2578086135E-02  -5.8893473011E-02  -1.5852230198E-05   2.7866077862E-05
                   35                 36                 37                 38                 39        
    0     -2.5302176661E-04  -7.2433784544E-04   3.2941443150E-04  -1.5724795685E-04  -9.8628518530E-04
    1      4.7414794991E-04   5.7846684852E-05  -2.0020101019E-04  -2.1717870858E-04   1.4814789348E-03
    2     -5.9601615322E-04  -9.5458610590E-04   5.4636194420E-04   1.1939800738E-03  -1.9204556524E-03
    3      2.7456846324E-03  -1.8675802463E-03   7.1301194078E-04   1.1528479377E-03  -2.8653609085E-04
    4     -1.9633155929E-03  -2.1981585040E-05  -1.4849627849E-05  -1.6686639303E-04   3.6709934596E-04
    5     -1.3621013251E-03   5.4293454716E-04  -1.4379710847E-04  -4.3576039564E-04  -7.9394745280E-04
    6      4.2405709971E-04  -1.8891863558E-04  -1.7934215040E-03   2.9861083083E-04   4.8265709422E-05
    7     -2.7032693245E-04  -1.0341965191E-03   5.1079714872E-04  -1.8596916977E-04  -3.2167916178E-04
    8     -4.3913737561E-04  -1.0212258331E-03   3.4799140511E-05  -5.2863836301E-04  -4.8661499384E-04
    9     -2.3620899716E-06   2.0623104227E-04  -7.9168248758E-05  -1.9574777781E-04   1.6683879431E-05
   10      6.7504229642E-04  -3.9868316844E-04   1.5678548700E-04   3.2198369419E-04   2.2159777237E-04
   11     -1.1155378520E-03   3.2715568493E-05   1.9897459319E-04  -5.6533670560E-04  -4.1987944962E-04
   12     -5.3360739172E-02   9.4440679473E-04   4.0648611363E-04   6.3637864573E-04  -6.8177695515E-03
   13      3.6247596163E-02   1.9022906039E-03   1.5480981024E-03   5.5526232702E-04  -1.4538914938E-03
   14     -2.2925484543E-01   3.8210758614E-04  -4.4521394537E-06   6.9963284871E-04  -5.1196823755E-03
   15      6.2443027138E-02   5.9419002485E-04  -2.3625673461E-04   9.9324280108E-04   6.2247514873E-04
   16     -3.0156764977E-02   1.3916299431E-03   2.1914446899E-03   7.6321638388E-04  -5.9720867321E-04
   17     -1.1594990844E-01  -2.6434149664E-04   1.8550993151E-04  -5.4869611260E-04   1.4244064773E-03
   18     -3.2929707480E-03  -6.6353319484E-03  -1.3013279873E-03  -1.5817876463E-03   1.2284630043E-03
   19      5.7694693741E-04  -5.7447401462E-03   5.9740393914E-04  -2.0315730286E-03   1.8489193827E-04
   20     -7.3564841771E-02  -2.0575322520E-03  -8.0781689181E-04   3.7102069677E-04   1.9277615315E-03
   21      3.5335204106E-02  -8.9690954374E-03   1.0822921918E-02   9.1436240507E-03  -5.9120572443E-03
   22     -2.0710268938E-04   2.9590049398E-02  -8.7897855883E-03  -2.6173129323E-02  -1.9426981467E-03
   23      4.7052470554E-05   6.7798797515E-03  -7.0014134337E-03  -2.4598557677E-03   2.9933131252E-02
   24     -1.7232963796E-03   5.6057737177E-03  -3.2743036199E-03  -3.4175567972E-03   4.7401223632E-03
   25      1.2794169861E-03   2.4715686754E-03  -1.7875559425E-04  -4.3414696340E-04  -2.7335734088E-03
   26     -4.2823435386E-03   2.1217405926E-03  -1.6385866100E-03  -2.0127297628E-03   6.0009694830E-03
   27     -4.9524459457E-02  -5.2397337232E-02  -1.8013793408E-02  -1.2650266687E-03  -6.0443807608E-02
   28     -5.5618598381E-03  -1.9097323860E-02  -3.1145205223E-01   2.3976068515E-02   1.2105616351E-02
   29     -7.5764667299E-02  -3.8704090525E-03   1.9364120304E-02  -5.2934373321E-02  -4.5766164175E-02
   30     -5.3684222643E-04  -1.3564099535E-03   1.2574025945E-03   1.5099789411E-04  -8.1777276067E-04
   31     -8.4310644569E-04   1.6526535105E-03  -1.2071538670E-03  -2.3330787211E-04   2.8674072178E-04
   32      2.0842589691E-03   7.7051293197E-04  -7.0498930601E-04   1.4652485559E-03   8.9510952948E-04
   33      3.2120726051E-02   2.2256333141E-03  -4.4805979485E-04  -3.4109360078E-03  -5.7723972011E-04
   34      7.4886857583E-03  -3.0413200155E-02  -1.3515355979E-02  -1.1568465323E-02   1.2615631432E-02
   35      5.1162516262E-01   4.1467133927E-03   2.3716901014E-03   5.5884165313E-04  -2.8529197394E-02
   36      4.1467133927E-03   6.0265106628E-02   1.3562666734E-02  -5.3205776983E-03   2.3154120738E-03
   37      2.3716901014E-03   1.3562666734E-02   3.3721971866E-01  -1.3340195081E-02  -1.9465803704E-03
   38      5.5884165313E-04  -5.3205776983E-03  -1.3340195081E-02   5.3871267014E-02   2.8976243322E-03
   39     -2.8529197394E-02   2.3154120738E-03  -1.9465803704E-03   2.8976243322E-03   6.6948710491E-02
   40     -1.0174400759E-02   6.3364195989E-03  -7.0949311840E-03   2.8639782531E-02  -1.8106776743E-02
   41     -1.1898719469E-02  -1.2414710805E-03   8.2138097481E-04   1.4080045813E-03   4.0018129488E-02
   42      1.3951122631E-04  -1.7742297690E-05  -8.6958820077E-06   7.9338698253E-05  -7.8664509297E-05
   43      1.7671624028E-04  -2.4529589836E-04   2.2883705826E-04   1.0016083187E-04  -1.6316248134E-04
   44     -8.7197071430E-05  -5.0245489437E-05   1.1277115820E-04  -8.2604995089E-05  -5.7084091515E-05
                   40                 41                 42                 43                 44        
    0      5.2534195667E-04  -1.1945654595E-03   1.6263026629E-03   1.5719432971E-03   3.6381452449E-04
    1     -1.2504207406E-03  -4.2798995089E-04  -8.5766124726E-04  -9.9056733813E-05  -1.2234126776E-03
    2      2.5457338494E-04   2.8128837991E-03   1.2069153478E-03   1.5740752452E-04   8.4487005399E-04
    3     -1.1682723150E-04   4.9182885962E-04   2.2009770890E-03   1.1779874211E-03   2.3274059336E-04
    4     -3.6881076172E-04  -3.0257404837E-04  -9.0334856865E-04   5.1908842237E-04   7.2324776535E-04
    5      3.4845324446E-04   2.1822347932E-04  -3.3195432790E-04   8.8493711093E-04   3.5591264537E-04
    6      6.3325710996E-04  -8.1057405271E-04  -9.7304691753E-03   2.6503625968E-02   3.3795904390E-02
    7     -2.7061763095E-04   2.5630846587E-05   9.1506802190E-03  -6.0432197396E-03  -1.7362023325E-02
    8     -6.3245484256E-04   5.2069865038E-04   8.5317713418E-03  -8.3193864534E-03  -3.8317687206E-03
    9     -1.9056315277E-05   3.2106844829E-05   8.8158852677E-03   2.1353016477E-02  -2.6114353416E-02
   10      6.6594407732E-05  -1.5476870387E-05   3.6949687661E-04  -8.3460827188E-03   2.0275411715E-02
   11     -2.9708935635E-04   2.2384300852E-04  -2.1903257497E-03   2.0637282036E-02  -2.0042092267E-02
   12     -2.4078414911E-03  -8.5090498754E-04  -8.5495144153E-05  -9.1319985000E-05   2.1628357971E-05
   13      7.3221810061E-04  -5.8382901434E-04  -1.0994381725E-05   2.5121280299E-05  -1.4858904422E-05
