
$orca_hessian_file

$act_atom
  0

$act_coord
  0

$act_energy
        0.000000

$multiplicity
  1

$hessian
45
                    0                  1                  2                  3                  4        
    0      7.4999876323E-02  -1.8712867832E-02   5.4038952983E-03   1.2132784722E-02  -3.8416843300E-03
    1     -1.8712867832E-02   2.6509458476E-01  -1.2043567582E-01  -2.3718272374E-03   6.2311204772E-03
    2      5.4038952983E-03  -1.2043567582E-01   1.4794084011E-01   6.4757392737E-03   4.3957774876E-02
    3      1.2132784722E-02  -2.3718272374E-03   6.4757392737E-03   8.2330483394E-02  -1.8794947387E-02
    4     -3.8416843300E-03   6.2311204772E-03   4.3957774876E-02  -1.8794947387E-02   8.9957160391E-02
    5      6.5205691686E-03   2.8297799762E-02  -6.7747327582E-02  -5.1303556203E-02   6.2151358551E-02
    6     -2.8092247877E-03  -6.9941332061E-03  -3.4422408213E-04   6.3613422115E-04   4.5921681263E-04
    7     -6.9748691319E-03  -9.0491410096E-03  -8.2748179892E-04  -5.2045744455E-04   2.6304710891E-03
    8      9.5811360995E-04  -1.5300877698E-03   2.0765459303E-03   4.5266027969E-04  -6.1163421224E-05
    9      1.4601683776E-03  -3.9389045369E-03   2.9152606464E-04   3.4278032972E-03  -2.5146640299E-03
   10     -3.0522044818E-03   4.0956297827E-03  -1.8236732711E-03  -8.6772047797E-04   2.3030149692E-03
   11      9.5680831909E-04  -9.3511591609E-04   1.2178436327E-03  -9.5068485462E-04   2.2347706057E-03
   12     -4.7395177939E-04   5.2719882883E-04  -3.4003444896E-04  -9.7854219479E-04   1.7667716050E-04
   13      1.4814831674E-04   9.9753411580E-05   2.7559673683E-05   1.8217284560E-04   1.3991229832E-04
   14      4.3681084943E-04  -9.2247567900E-04   1.0068752971E-03   4.4917528672E-04   3.5333443086E-04
   15     -7.7175865774E-04   1.7865748461E-03  -6.4554154591E-04  -1.0159684310E-03   9.1086401631E-04
   16     -8.9204035093E-05   2.6422771959E-04  -3.0688844946E-05  -7.6053457033E-05   1.5870175351E-04
   17     -2.5578812336E-05  -5.0630089420E-05   1.5140157227E-04  -1.3588071857E-04   1.2468285442E-04
   18     -9.2864340611E-04   3.4612035114E-04  -3.2398112269E-04  -5.7819979149E-04   7.4071514867E-05
   19      5.8627394828E-04   9.9394182769E-04  -2.6376381994E-04   5.5274519360E-04   2.0332427429E-04
   20      2.6866132984E-05  -2.8817473101E-04   2.3184197139E-04  -1.5414192942E-04   1.2165566913E-05
   21     -1.5882966943E-02   4.6438887549E-02  -1.5439121999E-02  -2.4620141276E-02   2.6244457763E-02
   22      4.9523389632E-02  -4.2398504607E-02   1.5469565453E-02   2.4928021124E-02  -2.4277068191E-03
   23     -1.9836869328E-02   2.0228776417E-02   6.8725188372E-03   4.8873936116E-02  -2.7577063591E-02
   24     -7.8292710255E-02  -1.9340532951E-02   3.0066289231E-03  -8.0868315239E-02  -3.2069189985E-03
   25     -7.8339805800E-03  -1.8852426742E-01   5.5049290213E-02   1.5146315879E-03  -8.8194630589E-02
   26     -3.0961485938E-03   5.0654267435E-02  -9.3389164233E-02   1.2951879741E-02  -4.8825279993E-02
   27      4.2782245218E-03  -9.4164615721E-03   2.6770330493E-03   4.9918517418E-03  -4.8175080676E-03
   28      2.5630269878E-03  -5.5687426134E-03   1.8516847556E-03   3.3709726370E-03  -2.9628145185E-03
   29      1.2278566596E-03  -3.3974042008E-03   1.1615155239E-03   1.7344285724E-03  -1.0931234850E-03
   30      4.8449356390E-03   9.7431843928E-03  -2.5432296940E-03   5.8607549102E-03   7.8769798591E-03
   31     -1.3245968484E-02  -3.5061097827E-02   6.1702084669E-03  -4.3122893779E-03  -5.9121704498E-03
   32      9.2222198704E-03   2.7616506001E-02   7.9925635154E-04  -1.8480989722E-02  -3.1639545671E-02
   33      2.8414261950E-03  -2.2393254475E-03   1.4148794906E-03   3.1930641678E-03  -7.8806156923E-04
   34     -3.9459095861E-05   7.0015863439E-05  -1.0200837391E-04  -7.0409670459E-04   7.3214506897E-05
   35     -7.3950921097E-04   1.3259270166E-03  -1.3213315979E-03   4.9464485952E-04  -3.4265853879E-05
   36     -5.0765726562E-04   3.1592433551E-03  -1.2745352264E-03  -5.9575860582E-04   8.0392044640E-04
   37      9.2292276825E-04   2.3340550769E-03  -3.4580836032E-04  -2.9077150569E-04   4.6490413635E-04
   38     -4.7498305886E-04   1.5368647515E-04  -7.2945817656E-04  -2.0083358903E-04  -2.4617870488E-04
   39     -5.9850376600E-04   8.7856622779E-04   2.3993581489E-04  -1.0067857767E-03   1.1080970878E-03
   40     -1.8155314486E-05   5.6853190359E-04  -1.9533411098E-04  -2.8452506595E-04   2.6788673563E-04
   41     -2.8167422344E-04   5.0301663845E-04   9.2203785850E-05   7.4831428662E-04   1.1512409457E-03
   42     -2.9199891745E-04  -5.1757717140E-05   1.5195227172E-03  -2.9091651395E-03  -3.6336976423E-03
   43      2.5066658055E-04   8.4989265244E-04   1.3971899213E-03  -2.3826573659E-03  -2.9323882550E-03
   44     -4.1686919368E-04  -1.1192544960E-03   1.6364385818E-03  -1.1085536366E-03  -6.2355209708E-04
                    5                  6                  7                  8                  9        
    0      6.5205691686E-03  -2.8092247877E-03  -6.9748691319E-03   9.5811360995E-04   1.4601683776E-03
    1      2.8297799762E-02  -6.9941332061E-03  -9.0491410096E-03  -1.5300877698E-03  -3.9389045369E-03
    2     -6.7747327582E-02  -3.4422408213E-04  -8.2748179892E-04   2.0765459303E-03   2.9152606464E-04
    3     -5.1303556203E-02   6.3613422115E-04  -5.2045744455E-04   4.5266027969E-04   3.4278032972E-03
    4      6.2151358551E-02   4.5921681263E-04   2.6304710891E-03  -6.1163421224E-05  -2.5146640299E-03
    5      3.2946672374E-01  -9.8906778442E-04  -2.2848463082E-03   6.9579902920E-03  -2.2361422091E-03
    6     -9.8906778442E-04   6.9534236099E-02   1.0135692111E-03  -3.1241268489E-03  -6.2111433849E-03
    7     -2.2848463082E-03   1.0135692111E-03   2.8014990336E-01  -1.5469435846E-01   3.6948958147E-02
    8      6.9579902920E-03  -3.1241268489E-03  -1.5469435846E-01   1.6299741399E-01  -2.0309650117E-02
    9     -2.2361422091E-03  -6.2111433849E-03   3.6948958147E-02  -2.0309650117E-02   3.2724608636E-01
   10      2.0162998178E-03   4.5352088112E-02  -4.0347390262E-02   1.6569156723E-02  -1.2357512986E-01
   11      4.5217259684E-03  -2.5557436819E-02   1.9333882101E-02   8.4943538692E-03  -2.2265567293E-02
   12      1.7576181347E-04  -1.8975982743E-04  -2.6238474605E-04   5.2508745474E-05  -4.9136621003E-04
   13      2.1875598628E-04   4.4124405741E-05   3.1755362649E-04  -8.6579961614E-05   1.4267785599E-04
   14      1.1703508337E-03   1.3994953824E-04   5.9440339601E-06   3.4725330524E-04   4.5294303566E-04
   15      1.5607416795E-03  -3.8943947149E-04  -5.4844565430E-04   1.7347642446E-04  -1.6598671947E-03
   16      1.3361908854E-04  -5.6152584205E-05   2.6489942340E-04  -1.0452545026E-04  -7.8723929549E-05
   17      3.0816213058E-04  -3.1923468235E-05  -1.8904209495E-06   9.0753143051E-05  -4.3475962993E-05
   18      4.0776756645E-04  -2.1440890328E-04  -2.6530923751E-04   5.3225074086E-05  -4.8030787259E-04
   19     -4.0020478697E-04   9.2846900499E-05   1.1066225947E-03  -5.2585183894E-04   3.7722999337E-04
   20      3.5326964887E-04   1.7139421490E-05  -2.4668699044E-04   2.4293844405E-04   1.0106472749E-05
   21      4.1173200004E-02  -1.1636981256E-03  -4.3748809264E-03   1.3547134368E-03  -1.2243467169E-02
   22     -2.0554779826E-02  -1.9243604717E-03   1.3600770840E-03  -7.7064899787E-04  -7.6009361908E-03
   23     -2.2558951510E-02  -3.2003473505E-04  -2.1977268432E-03   2.1300503303E-03  -4.7394460281E-03
   24      3.1055022659E-03   3.5332700143E-03   4.0194663152E-03  -3.2977102736E-03  -4.3605180764E-02
   25     -5.4894639499E-02  -1.5430376814E-02  -3.5902660133E-02   4.9199925669E-03   2.8761780467E-02
   26     -2.0744859520E-01   1.7308631135E-02   3.1421454122E-02  -3.7464054319E-03   7.6246945562E-03
   27     -8.1020034816E-03   1.3819794539E-03   1.8242392713E-04   3.3375664278E-05   1.5190299500E-03
   28     -4.1354024560E-03   2.6817300032E-04   1.2849499662E-03  -2.4996961825E-04   3.0289515446E-03
   29     -2.4776799423E-03   4.9400182463E-04   2.1990470363E-04  -3.9880692542E-04   1.8184131268E-03
   30      1.2690131254E-02  -7.1746824740E-02  -3.0196946175E-02   2.0960559888E-02  -2.4714198362E-01
   31     -9.1418669829E-03  -1.7900282459E-02  -1.9483110653E-01   9.2772985257E-02   5.6014159394E-02
   32     -4.3682135863E-02   1.0695486557E-02   9.7711117597E-02  -1.5645290527E-01   3.6655986780E-02
   33     -1.8014981722E-03   8.7571081398E-04   1.0334907673E-03  -2.1889757062E-04   2.2149770053E-03
   34      6.3046485343E-04  -7.5835490896E-05  -2.0252775390E-03   8.4907898884E-04  -1.2814599009E-03
   35     -5.8725776155E-04  -1.7855309789E-04   1.1167265758E-06  -6.0732039437E-04  -9.9384994661E-04
   36      5.1834647194E-04  -1.6297491023E-04   3.1970778566E-04  -1.1693194810E-04  -4.6252353429E-04
   37      5.4506594076E-04  -1.8939709953E-04   4.3049256414E-05  -5.6047893487E-05  -3.2412245534E-04
   38     -2.6183351942E-04  -2.3884221530E-05   6.8068416958E-05  -1.8416866789E-05  -6.9852452281E-05
   39      3.0446698528E-03  -1.3109856556E-04  -2.4043095562E-04   1.4194230307E-04  -5.3205211243E-04
   40      8.0380109905E-04  -2.3311883780E-05  -2.2041477711E-04   1.4273740665E-04  -2.0575936552E-04
   41      1.8122776613E-03  -7.0899766820E-05  -7.5469459309E-05   4.3074154642E-05  -2.6525078427E-04
   42     -4.6105599901E-03   7.0572421137E-03  -1.0706844983E-04   2.8687761292E-03  -2.3040173129E-02
   43     -3.2705802537E-03  -4.6629918657E-03  -4.7815361520E-03   4.2797857583E-02   1.4157157294E-02
   44      1.7328110505E-04   2.0029075513E-03   1.1594397457E-02  -2.2156518577E-02   4.2855154445E-03
                   10                 11                 12                 13                 14        
    0     -3.0522044818E-03   9.5680831909E-04  -4.7395177939E-04   1.4814831674E-04   4.3681084943E-04
    1      4.0956297827E-03  -9.3511591609E-04   5.2719882883E-04   9.9753411580E-05  -9.2247567900E-04
    2     -1.8236732711E-03   1.2178436327E-03  -3.4003444896E-04   2.7559673683E-05   1.0068752971E-03
    3     -8.6772047797E-04  -9.5068485462E-04  -9.7854219479E-04   1.8217284560E-04   4.4917528672E-04
    4      2.3030149692E-03   2.2347706057E-03   1.7667716050E-04   1.3991229832E-04   3.5333443086E-04
    5      2.0162998178E-03   4.5217259684E-03   1.7576181347E-04   2.1875598628E-04   1.1703508337E-03
    6      4.5352088112E-02  -2.5557436819E-02  -1.8975982743E-04   4.4124405741E-05   1.3994953824E-04
    7     -4.0347390262E-02   1.9333882101E-02  -2.6238474605E-04   3.1755362649E-04   5.9440339601E-06
    8      1.6569156723E-02   8.4943538692E-03   5.2508745474E-05  -8.6579961614E-05   3.4725330524E-04
    9     -1.2357512986E-01  -2.2265567293E-02  -4.9136621003E-04   1.4267785599E-04   4.5294303566E-04
   10      1.2619378743E-01   4.4023373934E-03  -1.0888012351E-05   1.3375842478E-04   1.0591359590E-04
   11      4.4023373934E-03   6.0290999686E-02  -2.9847245856E-05   6.2206145715E-05   2.8984889520E-04
   12     -1.0888012351E-05  -2.9847245856E-05   7.3622146564E-02   1.1467545345E-03  -1.6379492564E-02
   13      1.3375842478E-04   6.2206145715E-05   1.1467545345E-03   7.8719786525E-02   1.4467292256E-02
   14      1.0591359590E-04   2.8984889520E-04  -1.6379492564E-02   1.4467292256E-02   3.8432041514E-01
   15     -3.6811314588E-05  -1.4026189243E-04   4.3540859422E-04  -1.0850756441E-02  -3.4608820013E-02
   16      1.5881869180E-04   4.8959470038E-05  -1.4092824023E-02   2.3476214683E-03  -2.6256488140E-02
   17      6.4115322552E-05   7.5991173872E-05  -4.7346802729E-02  -2.9936317223E-02  -4.8961455324E-02
   18     -1.8182315159E-05  -2.7620899342E-05   1.3790871054E-02  -3.8216107969E-03   6.3094341535E-04
   19      3.8673790541E-04   3.7372374868E-05  -1.6535179639E-03  -9.5267767378E-03   4.3074804916E-02
   20     -4.9375942575E-05   7.6948673301E-05  -2.4622031033E-03   5.6919958390E-02  -5.2809962428E-02
   21     -3.9481132891E-03  -2.6742891253E-03   3.2414226387E-04   1.4611323053E-03   1.7986305596E-03
   22     -1.0827968434E-04  -1.1167452346E-03   4.7608314397E-04   8.9517729906E-04   7.8860854673E-04
   23     -1.2193341919E-03  -4.4211811547E-05   8.9768187297E-04   8.0156395730E-04   3.5712755344E-03
   24     -5.2758765247E-03  -1.0416148271E-02   2.8134938430E-03  -4.1396635320E-04  -1.4418783171E-03
   25      2.9377242860E-03   3.6115296763E-03  -9.8292538885E-04   2.1551518194E-04   1.6228795845E-03
   26      4.2514162810E-03   1.5875788108E-03   4.6273271122E-04   2.7114427886E-06  -1.8035831792E-03
   27     -6.3411705150E-04  -5.2510597254E-04   1.5335360881E-03   2.3004980061E-03   1.2616889659E-03
   28      3.5318849387E-04   4.6724884166E-04   3.7077190760E-03   3.9411915181E-03  -5.2605747331E-03
   29      1.7639068508E-04   3.2422249871E-04   3.4190928641E-02  -2.1892929619E-02  -4.0400804649E-02
   30      7.0410175416E-02   2.8131617131E-02   6.7436122434E-04  -8.5445149462E-05  -2.6754226490E-04
   31     -9.2881325054E-02  -1.4791965832E-02   4.3597410407E-04  -6.4804184145E-04  -5.5517841380E-04
   32     -2.1158151070E-02  -8.2268414374E-02   7.4981599182E-05  -8.7152524488E-05  -1.0319957232E-03
   33     -8.0022587445E-06   9.0990974060E-05  -8.6500523706E-02   7.9441955749E-03   4.2031676639E-02
   34     -8.3038538553E-04  -3.3188653839E-04   8.4912181465E-03  -7.7926832424E-02  -2.4428553799E-02
   35     -2.4927858338E-04  -5.4790983265E-04   2.9913657557E-02  -1.9896838251E-02  -2.4711167573E-01
   36      1.4766540001E-04  -1.1881035841E-05   8.0027482047E-04  -1.8529184114E-03  -1.7592046488E-05
   37      5.6141998569E-05  -2.6779556668E-05  -6.3373809680E-04   2.0508992454E-03  -6.4390263378E-05
   38      5.9604773195E-06  -2.0835944854E-05  -4.0749726418E-04   4.4442128123E-04   6.0036540246E-04
   39      1.2307406722E-05   8.9027524571E-05  -5.3354183950E-03   3.5885879533E-03   5.3254777525E-03
   40     -3.3705090366E-05   3.7485959973E-05   2.7070611870E-03  -7.7584515371E-04  -3.1115590485E-03
   41      1.9609682278E-05   4.3438147605E-05   1.1337549635E-03  -1.0002299474E-03   7.2315753075E-04
   42      2.1593594819E-02   3.3114448773E-02  -2.4672339263E-05   6.1742651760E-05   2.1247890608E-04
   43     -2.4177165043E-03  -1.2924869834E-02  -2.7745248339E-05   1.6327158182E-05   1.2086592045E-04
   44     -3.2198165763E-03   5.9584206075E-03   3.9419708960E-05   1.5155185938E-05   8.9935093914E-05
                   15                 16                 17                 18                 19        
    0     -7.7175865774E-04  -8.9204035093E-05  -2.5578812336E-05  -9.2864340611E-04   5.8627394828E-04
    1      1.7865748461E-03   2.6422771959E-04  -5.0630089420E-05   3.4612035114E-04   9.9394182769E-04
    2     -6.4554154591E-04  -3.0688844946E-05   1.5140157227E-04  -3.2398112269E-04  -2.6376381994E-04
    3     -1.0159684310E-03  -7.6053457033E-05  -1.3588071857E-04  -5.7819979149E-04   5.5274519360E-04
    4      9.1086401631E-04   1.5870175351E-04   1.2468285442E-04   7.4071514867E-05   2.0332427429E-04
    5      1.5607416795E-03   1.3361908854E-04   3.0816213058E-04   4.0776756645E-04  -4.0020478697E-04
    6     -3.8943947149E-04  -5.6152584205E-05  -3.1923468235E-05  -2.1440890328E-04   9.2846900499E-05
    7     -5.4844565430E-04   2.6489942340E-04  -1.8904209495E-06  -2.6530923751E-04   1.1066225947E-03
    8      1.7347642446E-04  -1.0452545026E-04   9.0753143051E-05   5.3225074086E-05  -5.2585183894E-04
    9     -1.6598671947E-03  -7.8723929549E-05  -4.3475962993E-05  -4.8030787259E-04   3.7722999337E-04
   10     -3.6811314588E-05   1.5881869180E-04   6.4115322552E-05  -1.8182315159E-05   3.8673790541E-04
   11     -1.4026189243E-04   4.8959470038E-05   7.5991173872E-05  -2.7620899342E-05   3.7372374868E-05
   12      4.3540859422E-04  -1.4092824023E-02  -4.7346802729E-02   1.3790871054E-02  -1.6535179639E-03
   13     -1.0850756441E-02   2.3476214683E-03  -2.9936317223E-02  -3.8216107969E-03  -9.5267767378E-03
   14     -3.4608820013E-02  -2.6256488140E-02  -4.8961455324E-02   6.3094341535E-04   4.3074804916E-02
   15      2.6864661060E-01   1.2162370859E-01   8.1539195304E-02  -2.6126102978E-04  -3.6816332989E-02
   16      1.2162370859E-01   1.4900684630E-01   4.8164793474E-02  -4.9587590549E-02  -6.0734999629E-02
   17      8.1539195304E-02   4.8164793474E-02   1.0947330087E-01   5.7117990497E-03   8.5658341390E-04
   18     -2.6126102978E-04  -4.9587590549E-02   5.7117990497E-03   7.3080190808E-02  -1.1011569289E-02
   19     -3.6816332989E-02  -6.0734999629E-02   8.5658341390E-04  -1.1011569289E-02   3.4992308922E-01
   20      3.4955504575E-03  -3.1535298584E-03   1.4885028245E-02   6.0838477607E-03  -1.0280749887E-01
   21     -1.4397379077E-02   2.5799990198E-03   1.5039130966E-03   2.6547959187E-04   2.1801482438E-03
   22      7.4039021392E-03   1.5611069789E-03  -1.2043135241E-04   8.0717931376E-04   3.0212235763E-03
   23      3.1692809359E-03  -1.6958911450E-05   1.7627229195E-03  -1.7927097107E-04   1.2835268232E-04
   24      3.6560668413E-03   3.3725522026E-04   3.1512191745E-04   2.9037743978E-03  -1.6279856678E-03
   25     -6.7005973774E-03   1.8480365132E-04   1.2556169904E-04  -2.5498274983E-04  -2.2012109216E-05
   26     -2.2524171727E-03   4.7912841639E-05  -1.6366848529E-05  -3.8211821834E-04   1.2361526595E-03
   27     -3.7663826747E-02   1.2679853009E-04  -3.4208261425E-04   2.2411876353E-03   1.5886126409E-03
   28     -2.6522689766E-02   5.0768967411E-03  -1.2282025384E-03   3.2453436006E-02  -4.3075543357E-02
   29     -1.7740614720E-02  -1.0732494975E-03   5.6583245163E-03  -1.0218531861E-02   1.5379701491E-02
   30      1.3089778510E-03   2.6618010833E-04   1.9410722190E-04   6.6473446366E-04  -2.6505861532E-04
   31      1.7080301303E-03  -5.9270450750E-04  -1.4118613753E-04   4.1219408240E-04  -1.9821423846E-03
   32      4.3431316455E-04  -5.6847832854E-06  -2.8080072716E-04   1.1689868447E-04   2.8030628465E-04
   33     -2.1867872045E-01  -5.9740339255E-02  -4.0762144209E-02  -8.5879452101E-02   4.0363485335E-02
   34     -5.0434782819E-02  -9.9629042177E-02  -1.8327755773E-02   2.9280435123E-02  -2.4024362021E-01
   35     -3.4005026017E-02  -1.8028173699E-02  -8.4844652206E-02  -3.5358616780E-03   4.5704973215E-02
   36      3.8696190182E-04  -1.1618424202E-03   5.1883596822E-04  -5.3331358155E-03   6.3127738066E-03
   37     -2.7895328062E-04   2.1772645267E-03  -8.3369217890E-04   2.1718048126E-03  -1.0552615907E-03
   38     -1.2555538029E-03   6.0752353059E-05  -4.0394542600E-04   2.0106072214E-03  -2.9938862592E-03
   39      4.2900640124E-04  -3.2752032971E-05  -1.2675236240E-03   7.6732472817E-04  -6.8527409578E-04
   40     -1.2226162427E-03  -2.5927301681E-04   1.1911210653E-03  -6.3864499084E-04   9.8571797352E-04
   41      3.1572833452E-04   2.7984210242E-04   2.0618014465E-03  -3.4257992190E-04   2.9392385620E-04
   42     -2.4811130150E-05   4.7066506536E-05   5.3058104342E-05  -3.8153758221E-05   7.6877850596E-05
   43     -8.6619534440E-05   1.4832076408E-05   1.8120963711E-05  -1.8606566352E-05   1.9698646652E-05
   44      7.9330341706E-05   2.8546777124E-05   3.9734512044E-05   3.3391056101E-05  -2.2439608963E-05
                   20                 21                 22                 23                 24        
    0      2.6866132984E-05  -1.5882966943E-02   4.9523389632E-02  -1.9836869328E-02  -7.8292710255E-02
    1     -2.8817473101E-04   4.6438887549E-02  -4.2398504607E-02   2.0228776417E-02  -1.9340532951E-02
    2      2.3184197139E-04  -1.5439121999E-02   1.5469565453E-02   6.8725188372E-03   3.0066289231E-03
    3     -1.5414192942E-04  -2.4620141276E-02   2.4928021124E-02   4.8873936116E-02  -8.0868315239E-02
    4      1.2165566913E-05   2.6244457763E-02  -2.4277068191E-03  -2.7577063591E-02  -3.2069189985E-03
    5      3.5326964887E-04   4.1173200004E-02  -2.0554779826E-02  -2.2558951510E-02   3.1055022659E-03
    6      1.7139421490E-05  -1.1636981256E-03  -1.9243604717E-03  -3.2003473505E-04   3.5332700143E-03
    7     -2.4668699044E-04  -4.3748809264E-03   1.3600770840E-03  -2.1977268432E-03   4.0194663152E-03
    8      2.4293844405E-04   1.3547134368E-03  -7.7064899787E-04   2.1300503303E-03  -3.2977102736E-03
    9      1.0106472749E-05  -1.2243467169E-02  -7.6009361908E-03  -4.7394460281E-03  -4.3605180764E-02
   10     -4.9375942575E-05  -3.9481132891E-03  -1.0827968434E-04  -1.2193341919E-03  -5.2758765247E-03
   11      7.6948673301E-05  -2.6742891253E-03  -1.1167452346E-03  -4.4211811547E-05  -1.0416148271E-02
   12     -2.4622031033E-03   3.2414226387E-04   4.7608314397E-04   8.9768187297E-04   2.8134938430E-03
   13      5.6919958390E-02   1.4611323053E-03   8.9517729906E-04   8.0156395730E-04  -4.1396635320E-04
   14     -5.2809962428E-02   1.7986305596E-03   7.8860854673E-04   3.5712755344E-03  -1.4418783171E-03
   15      3.4955504575E-03  -1.4397379077E-02   7.4039021392E-03   3.1692809359E-03   3.6560668413E-03
   16     -3.1535298584E-03   2.5799990198E-03   1.5611069789E-03  -1.6958911450E-05   3.3725522026E-04
   17      1.4885028245E-02   1.5039130966E-03  -1.2043135241E-04   1.7627229195E-03   3.1512191745E-04
   18      6.0838477607E-03   2.6547959187E-04   8.0717931376E-04  -1.7927097107E-04   2.9037743978E-03
   19     -1.0280749887E-01   2.1801482438E-03   3.0212235763E-03   1.2835268232E-04  -1.6279856678E-03
   20      1.1689797302E-01   6.9803918441E-04  -3.5158362024E-04   6.8180441804E-04   2.3538019745E-04
   21      6.9803918441E-04   5.2599835579E-01  -2.2498019275E-02   3.7938896342E-02  -2.2926700442E-01
   22     -3.5158362024E-04  -2.2498019275E-02   2.8581264254E-01   7.7488670295E-02   3.1371739286E-02
   23      6.8180441804E-04   3.7938896342E-02   7.7488670295E-02   1.6036061084E-01  -4.9889904738E-03
   24      2.3538019745E-04  -2.2926700442E-01   3.1371739286E-02  -4.9889904738E-03   5.8879559802E-01
   25      2.7053940698E-04   4.1698067147E-02  -1.1851963356E-01  -2.0109742730E-02   4.3778302829E-02
   26     -4.8618262080E-04   3.0459271036E-03  -2.3562386602E-02  -7.4149844556E-02   3.3205849399E-02
   27      1.4223379730E-03  -1.3747764051E-01  -3.4496680334E-02  -2.7413824362E-02  -6.4486344319E-02
   28     -9.9250526789E-04  -5.8871728776E-02  -1.2598762265E-01  -3.8337638896E-02   1.3773098896E-03
   29      6.8384985569E-03  -3.8813675230E-02  -3.5194158469E-02  -8.3077055239E-02  -4.1045232077E-03
   30      3.1276337308E-05  -3.3442461568E-02  -9.3412082044E-03  -7.9711334764E-03  -1.1295778420E-01
   31      3.0544566748E-04   2.0947224966E-02   9.1965658023E-03   6.9627565926E-03  -6.0695403752E-02
   32     -3.8865118190E-04   2.8808876223E-03   2.8310474704E-03   4.0837062918E-03  -2.2542603796E-02
   33     -8.9109738618E-03  -3.0757195775E-02   3.0708348087E-03   1.6855844029E-03  -1.1528113486E-02
   34      5.0242243105E-02  -3.0298586755E-02   5.8926572580E-03   3.8468474097E-03  -2.9740109305E-04
   35     -8.9121817663E-02  -1.9872579527E-02   5.8909374550E-03  -1.1626213518E-03  -5.2841962681E-04
   36      1.1465337262E-03  -1.3565756775E-02  -3.3264963096E-02   5.3104197631E-03   5.0876815961E-03
   37     -8.5130058440E-04  -1.2483544218E-02  -1.5888303496E-02   8.2177374907E-04   3.3711647806E-03
   38      9.6283640114E-04  -2.6105923571E-03  -1.5675610344E-02   6.6338341756E-03   1.0745017261E-03
   39     -1.7192093266E-03  -1.3913829785E-02  -8.4465664987E-03  -3.3317665597E-02   5.6489743244E-03
   40      9.9363005060E-04  -8.6167595744E-03  -2.5361434951E-03  -2.1766869869E-02   2.5378614275E-03
   41      1.5962340220E-03  -1.1024398344E-02  -5.5264764209E-03  -6.1686004621E-03   2.8288680036E-03
   42      4.0935401168E-05   1.4356377923E-04   2.6218230142E-05   8.2354856688E-04   8.5665936474E-03
   43      1.8147974015E-05  -4.9291778731E-04   1.2674376636E-04   9.3122614908E-04   3.9591808975E-03
   44      3.9240495044E-05   1.0833620378E-04   4.1935942761E-04   1.0647615846E-03   3.8046822924E-03
                   25                 26                 27                 28                 29        
    0     -7.8339805800E-03  -3.0961485938E-03   4.2782245218E-03   2.5630269878E-03   1.2278566596E-03
    1     -1.8852426742E-01   5.0654267435E-02  -9.4164615721E-03  -5.5687426134E-03  -3.3974042008E-03
    2      5.5049290213E-02  -9.3389164233E-02   2.6770330493E-03   1.8516847556E-03   1.1615155239E-03
    3      1.5146315879E-03   1.2951879741E-02   4.9918517418E-03   3.3709726370E-03   1.7344285724E-03
    4     -8.8194630589E-02  -4.8825279993E-02  -4.8175080676E-03  -2.9628145185E-03  -1.0931234850E-03
    5     -5.4894639499E-02  -2.0744859520E-01  -8.1020034816E-03  -4.1354024560E-03  -2.4776799423E-03
    6     -1.5430376814E-02   1.7308631135E-02   1.3819794539E-03   2.6817300032E-04   4.9400182463E-04
    7     -3.5902660133E-02   3.1421454122E-02   1.8242392713E-04   1.2849499662E-03   2.1990470363E-04
    8      4.9199925669E-03  -3.7464054319E-03   3.3375664278E-05  -2.4996961825E-04  -3.9880692542E-04
    9      2.8761780467E-02   7.6246945562E-03   1.5190299500E-03   3.0289515446E-03   1.8184131268E-03
   10      2.9377242860E-03   4.2514162810E-03  -6.3411705150E-04   3.5318849387E-04   1.7639068508E-04
   11      3.6115296763E-03   1.5875788108E-03  -5.2510597254E-04   4.6724884166E-04   3.2422249871E-04
   12     -9.8292538885E-04   4.6273271122E-04   1.5335360881E-03   3.7077190760E-03   3.4190928641E-02
   13      2.1551518194E-04   2.7114427886E-06   2.3004980061E-03   3.9411915181E-03  -2.1892929619E-02
   14      1.6228795845E-03  -1.8035831792E-03   1.2616889659E-03  -5.2605747331E-03  -4.0400804649E-02
   15     -6.7005973774E-03  -2.2524171727E-03  -3.7663826747E-02  -2.6522689766E-02  -1.7740614720E-02
   16      1.8480365132E-04   4.7912841639E-05   1.2679853009E-04   5.0768967411E-03  -1.0732494975E-03
   17      1.2556169904E-04  -1.6366848529E-05  -3.4208261425E-04  -1.2282025384E-03   5.6583245163E-03
   18     -2.5498274983E-04  -3.8211821834E-04   2.2411876353E-03   3.2453436006E-02  -1.0218531861E-02
   19     -2.2012109216E-05   1.2361526595E-03   1.5886126409E-03  -4.3075543357E-02   1.5379701491E-02
   20      2.7053940698E-04  -4.8618262080E-04   1.4223379730E-03  -9.9250526789E-04   6.8384985569E-03
   21      4.1698067147E-02   3.0459271036E-03  -1.3747764051E-01  -5.8871728776E-02  -3.8813675230E-02
   22     -1.1851963356E-01  -2.3562386602E-02  -3.4496680334E-02  -1.2598762265E-01  -3.5194158469E-02
   23     -2.0109742730E-02  -7.4149844556E-02  -2.7413824362E-02  -3.8337638896E-02  -8.3077055239E-02
   24      4.3778302829E-02   3.3205849399E-02  -6.4486344319E-02   1.3773098896E-03  -4.1045232077E-03
   25      5.1457115173E-01   4.3703483545E-02  -5.4822644874E-03   2.1982083107E-02   1.0493212948E-02
   26      4.3703483545E-02   4.7128922721E-01  -8.6054723560E-03   1.0714000342E-02   1.0945244145E-03
   27     -5.4822644874E-03  -8.6054723560E-03   4.7807838788E-01  -2.6341038271E-02  -1.2112068673E-02
   28      2.1982083107E-02   1.0714000342E-02  -2.6341038271E-02   5.6838817976E-01  -4.3690770025E-02
   29      1.0493212948E-02   1.0945244145E-03  -1.2112068673E-02  -4.3690770025E-02   6.0403385926E-01
   30     -6.6578018405E-02  -3.7823625228E-02  -3.4792465902E-03   1.4514093134E-04  -8.2639368786E-04
   31     -9.7569551446E-02  -4.6473496359E-02   3.5188696180E-03  -3.2178324068E-03  -2.3257180646E-03
   32     -3.4915168626E-02  -8.1511603787E-02   1.3470142869E-03  -1.4189170566E-03   1.3936312908E-03
   33      3.0954622506E-03   6.8362686904E-04  -1.4842397868E-01   4.9814509846E-02   3.2253444179E-02
   34     -7.0163526161E-03  -2.7678170016E-03   6.6427511895E-02  -9.6043475372E-02  -1.5123771788E-02
   35     -4.9060853171E-03  -1.1082455406E-03   4.3066729305E-02  -1.5860923777E-02  -8.0700008770E-02
   36     -7.1296303187E-03   1.4363297334E-03  -5.1990574839E-02   9.3778028608E-03   1.1041141579E-03
   37     -3.3404451410E-03  -2.7762257187E-04   5.1678373948E-03  -2.7120802779E-01   9.4959886069E-02
   38      2.0598472799E-04   1.7054309923E-03  -8.2663836924E-04   1.0159758369E-01  -9.7578522818E-02
   39     -3.7866319399E-03  -5.8681787477E-03  -5.0714096631E-02   5.3406541493E-03   1.0799683448E-02
   40     -1.1470253408E-03  -7.3585584372E-04   2.1525104512E-03  -5.3074332355E-02   2.2275644090E-03
   41     -2.6598933973E-03  -2.2311943022E-03   8.6720062916E-03  -3.3987039458E-03  -3.1593580434E-01
   42     -4.5630315263E-03  -1.8947971692E-02   2.1151105283E-04   2.9104167354E-04   2.1206724496E-04
   43      3.4530039550E-04  -1.9416970441E-02  -2.8027446730E-04   1.1190147371E-04   3.5045013169E-04
   44     -2.4889146557E-03  -9.7855757292E-03  -5.7212018093E-04  -7.2894605813E-05   6.4106625534E-05
                   30                 31                 32                 33                 34        
    0      4.8449356390E-03  -1.3245968484E-02   9.2222198704E-03   2.8414261950E-03  -3.9459095861E-05
    1      9.7431843928E-03  -3.5061097827E-02   2.7616506001E-02  -2.2393254475E-03   7.0015863439E-05
    2     -2.5432296940E-03   6.1702084669E-03   7.9925635154E-04   1.4148794906E-03  -1.0200837391E-04
    3      5.8607549102E-03  -4.3122893779E-03  -1.8480989722E-02   3.1930641678E-03  -7.0409670459E-04
    4      7.8769798591E-03  -5.9121704498E-03  -3.1639545671E-02  -7.8806156923E-04   7.3214506897E-05
    5      1.2690131254E-02  -9.1418669829E-03  -4.3682135863E-02  -1.8014981722E-03   6.3046485343E-04
    6     -7.1746824740E-02  -1.7900282459E-02   1.0695486557E-02   8.7571081398E-04  -7.5835490896E-05
    7     -3.0196946175E-02  -1.9483110653E-01   9.7711117597E-02   1.0334907673E-03  -2.0252775390E-03
    8      2.0960559888E-02   9.2772985257E-02  -1.5645290527E-01  -2.1889757062E-04   8.4907898884E-04
    9     -2.4714198362E-01   5.6014159394E-02   3.6655986780E-02   2.2149770053E-03  -1.2814599009E-03
   10      7.0410175416E-02  -9.2881325054E-02  -2.1158151070E-02  -8.0022587445E-06  -8.3038538553E-04
   11      2.8131617131E-02  -1.4791965832E-02  -8.2268414374E-02   9.0990974060E-05  -3.3188653839E-04
   12      6.7436122434E-04   4.3597410407E-04   7.4981599182E-05  -8.6500523706E-02   8.4912181465E-03
   13     -8.5445149462E-05  -6.4804184145E-04  -8.7152524488E-05   7.9441955749E-03  -7.7926832424E-02
   14     -2.6754226490E-04  -5.5517841380E-04  -1.0319957232E-03   4.2031676639E-02  -2.4428553799E-02
   15      1.3089778510E-03   1.7080301303E-03   4.3431316455E-04  -2.1867872045E-01  -5.0434782819E-02
   16      2.6618010833E-04  -5.9270450750E-04  -5.6847832854E-06  -5.9740339255E-02  -9.9629042177E-02
   17      1.9410722190E-04  -1.4118613753E-04  -2.8080072716E-04  -4.0762144209E-02  -1.8327755773E-02
   18      6.6473446366E-04   4.1219408240E-04   1.1689868447E-04  -8.5879452101E-02   2.9280435123E-02
   19     -2.6505861532E-04  -1.9821423846E-03   2.8030628465E-04   4.0363485335E-02  -2.4024362021E-01
   20      3.1276337308E-05   3.0544566748E-04  -3.8865118190E-04  -8.9109738618E-03   5.0242243105E-02
   21     -3.3442461568E-02   2.0947224966E-02   2.8808876223E-03  -3.0757195775E-02  -3.0298586755E-02
   22     -9.3412082044E-03   9.1965658023E-03   2.8310474704E-03   3.0708348087E-03   5.8926572580E-03
   23     -7.9711334764E-03   6.9627565926E-03   4.0837062918E-03   1.6855844029E-03   3.8468474097E-03
   24     -1.1295778420E-01  -6.0695403752E-02  -2.2542603796E-02  -1.1528113486E-02  -2.9740109305E-04
   25     -6.6578018405E-02  -9.7569551446E-02  -3.4915168626E-02   3.0954622506E-03  -7.0163526161E-03
   26     -3.7823625228E-02  -4.6473496359E-02  -8.1511603787E-02   6.8362686904E-04  -2.7678170016E-03
   27     -3.4792465902E-03   3.5188696180E-03   1.3470142869E-03  -1.4842397868E-01   6.6427511895E-02
   28      1.4514093134E-04  -3.2178324068E-03  -1.4189170566E-03   4.9814509846E-02  -9.6043475372E-02
   29     -8.2639368786E-04  -2.3257180646E-03   1.3936312908E-03   3.2253444179E-02  -1.5123771788E-02
   30      5.1752475690E-01   1.3845040535E-02  -5.0793817473E-02  -2.9872513520E-03   7.4528398260E-05
   31      1.3845040535E-02   4.9077784635E-01   3.7294795020E-02  -1.7950268025E-03   4.7923243481E-03
   32     -5.0793817473E-02   3.7294795020E-02   6.4694803632E-01  -4.6558097171E-04   1.5758292432E-04
   33     -2.9872513520E-03  -1.7950268025E-03  -4.6558097171E-04   5.6826488469E-01  -4.2615385134E-02
   34      7.4528398260E-05   4.7923243481E-03   1.5758292432E-04  -4.2615385134E-02   5.3099514835E-01
   35      2.7825876049E-05   1.3934721786E-03   2.0960531609E-03  -2.6968594418E-02   1.4095860333E-02
   36      4.6049503761E-04  -1.0231700343E-04  -1.2160137653E-04   3.8493223865E-03   2.4042055852E-02
   37      3.7461537648E-04  -3.2457519944E-05   1.6421754691E-04   1.9166053763E-04  -1.7322090814E-02
   38      1.0625320628E-04   4.0511549389E-05  -9.7004302271E-05   1.3409074232E-03  -1.0166547630E-02
   39      2.2541723516E-04   2.3783282791E-04   3.1191045385E-04   3.4407260559E-03  -2.4722586615E-03
   40      1.3313426016E-04   2.8035555170E-04  -6.2922411458E-05   1.7216404477E-03  -6.4969257355E-04
   41      2.4323190678E-04   1.4332423058E-04  -8.2453695163E-05  -3.1806811723E-04   1.3504336239E-03
   42     -5.9808881185E-02   8.1574210154E-04   3.0918406760E-02   7.5124234369E-05  -2.2853884622E-04
   43      3.7139173930E-03  -7.2318662090E-02  -7.6840881852E-02   8.2915985989E-05  -1.3659120785E-04
   44      3.7587226564E-02  -7.1581236024E-02  -2.8952471849E-01  -1.9373658008E-04  -5.7719864018E-05
                   35                 36                 37                 38                 39        
    0     -7.3950921097E-04  -5.0765726562E-04   9.2292276825E-04  -4.7498305886E-04  -5.9850376600E-04
    1      1.3259270166E-03   3.1592433551E-03   2.3340550769E-03   1.5368647515E-04   8.7856622779E-04
    2     -1.3213315979E-03  -1.2745352264E-03  -3.4580836032E-04  -7.2945817656E-04   2.3993581489E-04
    3      4.9464485952E-04  -5.9575860582E-04  -2.9077150569E-04  -2.0083358903E-04  -1.0067857767E-03
    4     -3.4265853879E-05   8.0392044640E-04   4.6490413635E-04  -2.4617870488E-04   1.1080970878E-03
    5     -5.8725776155E-04   5.1834647194E-04   5.4506594076E-04  -2.6183351942E-04   3.0446698528E-03
    6     -1.7855309789E-04  -1.6297491023E-04  -1.8939709953E-04  -2.3884221530E-05  -1.3109856556E-04
    7      1.1167265758E-06   3.1970778566E-04   4.3049256414E-05   6.8068416958E-05  -2.4043095562E-04
    8     -6.0732039437E-04  -1.1693194810E-04  -5.6047893487E-05  -1.8416866789E-05   1.4194230307E-04
    9     -9.9384994661E-04  -4.6252353429E-04  -3.2412245534E-04  -6.9852452281E-05  -5.3205211243E-04
   10     -2.4927858338E-04   1.4766540001E-04   5.6141998569E-05   5.9604773195E-06   1.2307406722E-05
   11     -5.4790983265E-04  -1.1881035841E-05  -2.6779556668E-05  -2.0835944854E-05   8.9027524571E-05
   12      2.9913657557E-02   8.0027482047E-04  -6.3373809680E-04  -4.0749726418E-04  -5.3354183950E-03
   13     -1.9896838251E-02  -1.8529184114E-03   2.0508992454E-03   4.4442128123E-04   3.5885879533E-03
   14     -2.4711167573E-01  -1.7592046488E-05  -6.4390263378E-05   6.0036540246E-04   5.3254777525E-03
   15     -3.4005026017E-02   3.8696190182E-04  -2.7895328062E-04  -1.2555538029E-03   4.2900640124E-04
   16     -1.8028173699E-02  -1.1618424202E-03   2.1772645267E-03   6.0752353059E-05  -3.2752032971E-05
   17     -8.4844652206E-02   5.1883596822E-04  -8.3369217890E-04  -4.0394542600E-04  -1.2675236240E-03
   18     -3.5358616780E-03  -5.3331358155E-03   2.1718048126E-03   2.0106072214E-03   7.6732472817E-04
   19      4.5704973215E-02   6.3127738066E-03  -1.0552615907E-03  -2.9938862592E-03  -6.8527409578E-04
   20     -8.9121817663E-02   1.1465337262E-03  -8.5130058440E-04   9.6283640114E-04  -1.7192093266E-03
   21     -1.9872579527E-02  -1.3565756775E-02  -1.2483544218E-02  -2.6105923571E-03  -1.3913829785E-02
   22      5.8909374550E-03  -3.3264963096E-02  -1.5888303496E-02  -1.5675610344E-02  -8.4465664987E-03
   23     -1.1626213518E-03   5.3104197631E-03   8.2177374907E-04   6.6338341756E-03  -3.3317665597E-02
   24     -5.2841962681E-04   5.0876815961E-03   3.3711647806E-03   1.0745017261E-03   5.6489743244E-03
   25     -4.9060853171E-03  -7.1296303187E-03  -3.3404451410E-03   2.0598472799E-04  -3.7866319399E-03
   26     -1.1082455406E-03   1.4363297334E-03  -2.7762257187E-04   1.7054309923E-03  -5.8681787477E-03
   27      4.3066729305E-02  -5.1990574839E-02   5.1678373948E-03  -8.2663836924E-04  -5.0714096631E-02
   28     -1.5860923777E-02   9.3778028608E-03  -2.7120802779E-01   1.0159758369E-01   5.3406541493E-03
   29     -8.0700008770E-02   1.1041141579E-03   9.4959886069E-02  -9.7578522818E-02   1.0799683448E-02
   30      2.7825876049E-05   4.6049503761E-04   3.7461537648E-04   1.0625320628E-04   2.2541723516E-04
   31      1.3934721786E-03  -1.0231700343E-04  -3.2457519944E-05   4.0511549389E-05   2.3783282791E-04
   32      2.0960531609E-03  -1.2160137653E-04   1.6421754691E-04  -9.7004302271E-05   3.1191045385E-04
   33     -2.6968594418E-02   3.8493223865E-03   1.9166053763E-04   1.3409074232E-03   3.4407260559E-03
   34      1.4095860333E-02   2.4042055852E-02  -1.7322090814E-02  -1.0166547630E-02  -2.4722586615E-03
   35      5.1506873889E-01  -1.3572835964E-02   8.7026561507E-03   3.2479204523E-03   2.7365974663E-02
   36     -1.3572835964E-02   5.9837369196E-02   1.0057435957E-03   3.2705803482E-03   2.1659190324E-03
   37      8.7026561507E-03   1.0057435957E-03   2.9791200483E-01  -1.0231670133E-01   9.8226356574E-04
   38      3.2479204523E-03   3.2705803482E-03  -1.0231670133E-01   9.5034193193E-02  -1.9074591582E-03
   39      2.7365974663E-02   2.1659190324E-03   9.8226356574E-04  -1.9074591582E-03   5.9450591646E-02
   40     -1.7813185841E-02  -1.6253292652E-03   3.8207253371E-03   2.8871787865E-02   3.3879746976E-03
   41     -1.3112861310E-02   1.7649149687E-03  -4.5802103685E-04  -9.0655164096E-03  -3.3952381375E-03
   42     -3.3521885167E-04   3.0357775246E-05   5.3626421338E-06  -1.9505500463E-05   1.0382560901E-04
   43     -1.9264222549E-04  -2.4761406177E-05  -1.2458052863E-05  -4.3242302838E-05   1.3114071747E-04
   44     -1.8701034198E-04   3.9252307906E-05   3.0174058400E-05  -9.0471527719E-06   1.4917846418E-04
                   40                 41                 42                 43                 44        
    0     -1.8155314486E-05  -2.8167422344E-04  -2.9199891745E-04   2.5066658055E-04  -4.1686919368E-04
    1      5.6853190359E-04   5.0301663845E-04  -5.1757717140E-05   8.4989265244E-04  -1.1192544960E-03
    2     -1.9533411098E-04   9.2203785850E-05   1.5195227172E-03   1.3971899213E-03   1.6364385818E-03
    3     -2.8452506595E-04   7.4831428662E-04  -2.9091651395E-03  -2.3826573659E-03  -1.1085536366E-03
    4      2.6788673563E-04   1.1512409457E-03  -3.6336976423E-03  -2.9323882550E-03  -6.2355209708E-04
    5      8.0380109905E-04   1.8122776613E-03  -4.6105599901E-03  -3.2705802537E-03   1.7328110505E-04
    6     -2.3311883780E-05  -7.0899766820E-05   7.0572421137E-03  -4.6629918657E-03   2.0029075513E-03
    7     -2.2041477711E-04  -7.5469459309E-05  -1.0706844983E-04  -4.7815361520E-03   1.1594397457E-02
    8      1.4273740665E-04   4.3074154642E-05   2.8687761292E-03   4.2797857583E-02  -2.2156518577E-02
    9     -2.0575936552E-04  -2.6525078427E-04  -2.3040173129E-02   1.4157157294E-02   4.2855154445E-03
   10     -3.3705090366E-05   1.9609682278E-05   2.1593594819E-02  -2.4177165043E-03  -3.2198165763E-03
   11      3.7485959973E-05   4.3438147605E-05   3.3114448773E-02  -1.2924869834E-02   5.9584206075E-03
   12      2.7070611870E-03   1.1337549635E-03  -2.4672339263E-05  -2.7745248339E-05   3.9419708960E-05
   13     -7.7584515371E-04  -1.0002299474E-03   6.1742651760E-05   1.6327158182E-05   1.5155185938E-05
