
$orca_hessian_file

$act_atom
  0

$act_coord
  0

$act_energy
        0.000000

$multiplicity
  1

$hessian
45
                    0                  1                  2                  3                  4        
    0      1.4971361510E-01   4.7046083336E-02  -1.2416564426E-01   5.4096358021E-03   6.9368566304E-03
    1      4.7046083336E-02   9.8105110652E-02  -7.9037139131E-02   1.1880490325E-02   1.4160408520E-02
    2     -1.2416564426E-01  -7.9037139131E-02   3.0989136488E-01   2.1320572484E-02  -2.0510980551E-02
    3      5.4096358021E-03   1.1880490325E-02   2.1320572484E-02   7.5942910762E-02   8.2820728316E-03
    4      6.9368566304E-03   1.4160408520E-02  -2.0510980551E-02   8.2820728316E-03   2.2689602269E-01
    5      1.8638326917E-02  -3.3474799537E-02  -6.3025071346E-02   3.6509904247E-03   1.2914921805E-01
    6      5.0223403450E-03   2.0717745210E-03  -1.5937805091E-03   2.4972738532E-03   5.3037375871E-03
    7      1.9249562353E-03   1.9246958006E-03  -1.6555545261E-03   1.1662435308E-03   2.1327722050E-03
    8     -2.6967005370E-03  -1.9223601006E-03   3.6547041035E-03   9.6979557898E-04   2.2785621281E-03
    9      1.0285949206E-03   1.1560904471E-04  -1.7231169310E-03  -8.0124588739E-04   5.5487406758E-03
   10      2.5562882701E-04   2.1364838214E-03   3.5419739041E-03   6.0563908292E-03  -1.2600741879E-02
   11     -5.6574259568E-04  -1.5712924237E-03   6.2597994419E-03   4.4848557049E-04   2.0099149596E-03
   12     -7.4116246080E-04  -4.2202009924E-04   6.5669686524E-04  -4.5821054922E-04  -6.6175034448E-04
   13      7.7372600699E-04   7.6418398223E-04  -5.8764045312E-04   2.2868597580E-04   1.3865823382E-03
   14     -5.1152708917E-04  -3.7134239919E-04   5.0690757186E-04  -1.3390257201E-04  -1.6304943548E-04
   15     -2.4261915406E-03  -9.9272998384E-04   1.1199239568E-03  -8.2806606606E-04  -1.3266332702E-03
   16     -5.3283007792E-05   2.8951984273E-05  -1.4412669919E-05  -8.2220905493E-05   1.4192452569E-04
   17      1.7223889039E-04  -2.8205988210E-05   8.5375428929E-05   2.9002372370E-04   3.9015078519E-04
   18     -7.6752597442E-04  -3.3527059126E-04   7.3118585993E-04  -9.5443950497E-04  -4.6926857909E-04
   19     -3.5537452443E-04  -4.8564859908E-06   3.4917239813E-04  -1.8612218251E-04   5.0706516063E-04
   20     -9.6866773076E-04  -3.6040069753E-04   1.0087277407E-03  -3.9922757697E-04   5.9646815475E-04
   21     -5.9797661665E-02  -2.3670163513E-02   3.0239019243E-02  -1.5260221268E-02  -3.6914680155E-02
   22     -2.9166670110E-02  -6.7138638267E-04   7.8554243633E-03  -4.2950439493E-02  -1.9181497459E-02
   23      5.1695807696E-02   1.3388566819E-02   1.9020254864E-04  -2.9770440962E-02  -2.3784037229E-02
   24     -9.9023948896E-02  -2.1893190694E-02   6.0198597115E-02  -7.3351193869E-02   1.4771394690E-02
   25     -2.7559595708E-02  -1.0572843478E-01   7.2897783147E-02   6.2387619412E-03  -1.7929926407E-01
   26      6.4107121397E-02   6.5033981987E-02  -2.1962539271E-01   1.0029296952E-03  -4.8704908448E-02
   27     -8.2196483159E-04  -3.1715886253E-04  -2.0591598648E-03   2.4045031656E-03   5.0375650265E-03
   28     -9.3296958509E-04   3.2586959207E-03  -2.1846772309E-04   4.6211788506E-04   1.7635462992E-03
   29     -7.1013797146E-03  -2.5639260360E-03   5.3114331735E-03  -3.7991756195E-03  -7.5621920461E-03
   30      1.2266175802E-03  -1.8930369153E-02   2.2452957508E-02   4.6417196063E-03  -6.3599298705E-03
   31      1.6945993976E-03  -8.0489653439E-03   1.2433840283E-02   1.0392213295E-02  -3.3792029348E-02
   32     -2.9099931068E-03   3.7191127396E-02  -4.0986189737E-02   7.8014200837E-03  -3.6670730419E-02
   33      3.5220664276E-03   1.5729505487E-03  -2.4990630690E-03   2.6648496613E-03   2.4199768175E-03
   34     -1.2539995907E-03  -1.0122606976E-03   7.0296115400E-04  -4.5933752145E-04  -2.0770974118E-03
   35      3.5949891629E-03   1.8000497708E-03  -2.3137680184E-03  -1.5234763262E-04  -1.5036899347E-05
   36     -3.3264900128E-04  -6.1029648221E-04  -6.2904506003E-04  -7.6992281201E-04  -1.9067032533E-03
   37      1.7069525245E-04  -3.5762674840E-04  -1.4022757960E-04  -6.9659466937E-04  -8.5530806913E-04
   38      5.4898823029E-04   5.1994573846E-04   1.9473883291E-04  -7.2935245482E-04   1.6928087104E-03
   39     -1.3970894369E-03   3.8328341900E-04   3.3195468585E-04  -6.8437818008E-04  -2.3530353049E-04
   40     -5.3957123657E-04   1.0278918720E-04  -1.6674923131E-06  -4.7067752273E-04  -2.2193977766E-04
   41      1.1857865227E-03  -1.3009199463E-04  -4.1175090876E-04   1.5734827606E-04   6.7535361948E-04
   42     -6.1467637119E-04   4.0656206039E-03  -4.3182907704E-03  -4.5321471368E-04  -4.4626157661E-04
   43      1.0943056585E-03  -4.6577894313E-03   4.3599053947E-03   1.5860200152E-04   1.0395562786E-03
   44     -1.0864110323E-03   1.5509160800E-03  -7.4108099334E-04  -6.4297511048E-04   8.1324685757E-04
                    5                  6                  7                  8                  9        
    0      1.8638326917E-02   5.0223403450E-03   1.9249562353E-03  -2.6967005370E-03   1.0285949206E-03
    1     -3.3474799537E-02   2.0717745210E-03   1.9246958006E-03  -1.9223601006E-03   1.1560904471E-04
    2     -6.3025071346E-02  -1.5937805091E-03  -1.6555545261E-03   3.6547041035E-03  -1.7231169310E-03
    3      3.6509904247E-03   2.4972738532E-03   1.1662435308E-03   9.6979557898E-04  -8.0124588739E-04
    4      1.2914921805E-01   5.3037375871E-03   2.1327722050E-03   2.2785621281E-03   5.5487406758E-03
    5      1.7473063832E-01   1.3114305969E-03   1.6642723979E-03   1.8400921975E-03  -1.3973844189E-04
    6      1.3114305969E-03   3.6705987914E-01   7.8555342256E-02   1.8449834268E-02  -1.5014860332E-02
    7      1.6642723979E-03   7.8555342256E-02   8.6256886129E-02   9.1092198599E-03  -4.6484811860E-02
    8      1.8400921975E-03   1.8449834268E-02   9.1092198599E-03   6.0279932058E-02  -3.1449074244E-02
    9     -1.3973844189E-04  -1.5014860332E-02  -4.6484811860E-02  -3.1449074244E-02   6.9958956104E-02
   10      8.3299151419E-04  -3.7585469927E-02  -2.3703652547E-02  -1.8853065590E-02   1.5883810821E-02
   11      2.7709386701E-03  -2.5268454472E-02  -1.8151505102E-02   1.0850696350E-03   1.3461713958E-02
   12     -2.9770739719E-04  -8.8823713067E-04  -4.1075366212E-05   3.7513860804E-05  -3.0455493984E-04
   13      4.2026169336E-04   6.4882373916E-04   2.8563688790E-04  -1.0950710772E-04   2.4354209791E-04
   14      1.2254060483E-04  -2.7041898280E-04  -1.0838781530E-04   1.0577421200E-04  -1.1497335714E-04
   15     -1.1326291669E-03  -1.2672662293E-03   2.4989339248E-04  -2.6702572065E-04  -3.2798069863E-04
   16     -5.0834778038E-06  -1.0550802814E-04   1.0496435171E-04  -4.8104343420E-05  -1.0757000681E-05
   17      4.7583722280E-04   3.5979208303E-04  -8.1538841646E-05   1.6381842261E-04   1.0468580184E-04
   18      1.6158397706E-04  -7.1218458113E-04   5.2198385904E-05   3.1609119708E-05  -2.2601375648E-04
   19      4.0753143418E-04  -1.3083180759E-04   1.4978381275E-04   8.8073740030E-05   1.3946968449E-05
   20      8.8755358755E-04  -3.9981779156E-04   8.4997093711E-05   1.7789647842E-04  -9.6263156827E-05
   21     -3.2312337232E-02  -9.9454378577E-03   6.3013055908E-03  -5.1520180988E-03   1.3510426840E-03
   22     -3.0786642751E-02   6.7699806112E-03  -1.6541505835E-03   2.4097100771E-03   2.1931955622E-03
   23     -1.3240944578E-02  -3.9090027031E-03   3.0074899585E-03  -1.5134747486E-03   1.4115369879E-03
   24      7.3800096007E-03  -4.3427800072E-02   1.6157920114E-02  -1.7059015539E-02   1.3929460105E-03
   25     -6.0833527912E-02  -2.0064106314E-02   6.2532908943E-03  -3.7652508724E-03   8.4971298349E-03
   26     -9.9613010094E-02   6.4490334342E-05  -2.6427574309E-03  -2.7701690478E-04   1.1207739924E-02
   27      6.5714747090E-03   2.8462517845E-03  -1.5473900645E-03   1.4479494428E-03   5.5557865367E-04
   28      3.3283422424E-04   2.2148379911E-04  -1.1271599864E-03   5.1686000133E-04   2.1900625003E-04
   29     -7.1658272130E-03  -3.0104028595E-03   1.4431505839E-03  -1.2765577138E-03  -5.2199562217E-04
   30     -3.0365341371E-03  -2.7409380048E-01  -3.9089907180E-02   5.1374646014E-03  -6.6570267354E-02
   31     -6.7458881537E-03  -2.5034389996E-02  -7.3968647050E-02   5.1117195774E-03   5.8246193440E-03
   32     -3.7095677597E-03   1.2542315432E-02   7.1744955692E-03  -7.3998982498E-02   4.6193715164E-03
   33      9.1343997626E-04   3.0248223984E-03  -1.7511130622E-04   6.8371913440E-05   1.0166848983E-03
   34     -5.3741642026E-04  -2.9092855969E-04  -3.2855657937E-04  -1.0015776114E-04  -1.6916104080E-04
   35     -2.1615488523E-04   5.4723076029E-04  -1.1908170191E-04  -1.6910019850E-04   8.7488804879E-05
   36     -1.4030992787E-03  -1.8327976852E-04   9.7248533394E-05  -2.2526544897E-04  -7.1014972585E-05
   37      9.0063824410E-04  -2.5246202937E-04  -4.7334769681E-05   1.8068553851E-04   7.8837629978E-05
   38      2.6030430199E-03   2.2930119094E-04  -1.0555018815E-04   1.5736279241E-04  -4.7407629561E-06
   39     -9.0521012777E-04   2.3064765304E-04   1.5702033561E-04  -2.4603333838E-04   3.8857364289E-04
   40     -3.0611392810E-04   1.0638221916E-04   3.9015067941E-04  -4.3042083390E-04  -3.8924260201E-05
   41      1.1660191179E-03   3.5736639930E-04  -3.1655927965E-04   6.4474379793E-05  -2.9987124203E-04
   42      5.8585567192E-04  -3.5148348716E-02  -1.7319146126E-02   3.0801127582E-02   7.6235610273E-03
   43     -1.2130636194E-03  -1.0218514542E-02   3.3313207548E-03   5.5017691767E-03   7.8496562962E-03
   44      2.3739131338E-03   7.4158281298E-04   7.2957593282E-04   9.7060077843E-03   3.2912438365E-03
                   10                 11                 12                 13                 14        
    0      2.5562882701E-04  -5.6574259568E-04  -7.4116246080E-04   7.7372600699E-04  -5.1152708917E-04
    1      2.1364838214E-03  -1.5712924237E-03  -4.2202009924E-04   7.6418398223E-04  -3.7134239919E-04
    2      3.5419739041E-03   6.2597994419E-03   6.5669686524E-04  -5.8764045312E-04   5.0690757186E-04
    3      6.0563908292E-03   4.4848557049E-04  -4.5821054922E-04   2.2868597580E-04  -1.3390257201E-04
    4     -1.2600741879E-02   2.0099149596E-03  -6.6175034448E-04   1.3865823382E-03  -1.6304943548E-04
    5      8.3299151419E-04   2.7709386701E-03  -2.9770739719E-04   4.2026169336E-04   1.2254060483E-04
    6     -3.7585469927E-02  -2.5268454472E-02  -8.8823713067E-04   6.4882373916E-04  -2.7041898280E-04
    7     -2.3703652547E-02  -1.8151505102E-02  -4.1075366212E-05   2.8563688790E-04  -1.0838781530E-04
    8     -1.8853065590E-02   1.0850696350E-03   3.7513860804E-05  -1.0950710772E-04   1.0577421200E-04
    9      1.5883810821E-02   1.3461713958E-02  -3.0455493984E-04   2.4354209791E-04  -1.1497335714E-04
   10      2.7187455984E-01   1.5397484425E-01   9.7564227375E-05   4.5337286182E-04  -1.2766234684E-05
   11      1.5397484425E-01   1.6388683711E-01   1.1672163287E-04   7.9141145326E-05   1.3013709319E-04
   12      9.7564227375E-05   1.1672163287E-04   8.2590657613E-02  -5.5214820068E-02   1.4187121010E-02
   13      4.5337286182E-04   7.9141145326E-05  -5.5214820068E-02   3.6021119322E-01  -7.6603179739E-02
   14     -1.2766234684E-05   1.3013709319E-04   1.4187121010E-02  -7.6603179739E-02   9.9609433999E-02
   15      5.0627859669E-04   5.7469170182E-05   1.2782568550E-02  -1.9321809585E-02   1.0060874804E-02
   16      2.2744157094E-04   6.0779016081E-05  -3.0097692173E-02  -3.7601588491E-02   4.7562492094E-02
   17     -3.6753607175E-05   1.7032876387E-04   1.6764551530E-02   4.2021229479E-02  -2.1286128141E-02
   18      3.9410700764E-04   2.4163289704E-04   1.5550783430E-02   2.2521443263E-03   5.7824846971E-03
   19      5.8370138760E-04   4.0165729186E-04  -4.0332648998E-03  -7.3449957859E-02  -4.0193028072E-02
   20      6.5152307160E-04   5.8358252968E-04   3.4180102372E-03  -2.7399590898E-02   9.5846133646E-03
   21      4.5410965586E-03   1.4560419046E-03  -1.2608193402E-04   1.1829477142E-03  -1.6496073754E-03
   22      2.3923843935E-03   1.9350968724E-03   1.1431874544E-04   3.6956009405E-03  -1.9542250814E-03
   23      2.7076946451E-03   1.9822210176E-03  -5.4865441097E-04  -1.5683258313E-03   1.9252483852E-03
   24     -7.3415719390E-03  -3.9565012637E-03   3.1021080439E-03  -1.8163520515E-03   7.8060023422E-04
   25     -3.4789269406E-02  -2.7730062017E-03   1.6059854417E-03  -2.4658830753E-03   5.3517108078E-04
   26     -3.6721871392E-02  -2.1895101910E-03  -9.6840677095E-05  -6.7677352145E-04   5.9401872392E-06
   27     -1.4409434552E-03   7.2968758821E-04  -5.3277535656E-03   5.9278300383E-03  -4.7312567851E-03
   28     -1.8247436617E-03  -1.4406894488E-04   3.9727999224E-02  -2.8395248401E-02   2.2208860392E-02
   29      1.3078134054E-03  -5.3874161188E-04  -1.3231124941E-02   1.2665536879E-02  -1.4359203976E-03
   30      2.0055002715E-02   1.4674823714E-02   9.9257795384E-04  -1.0166282502E-03   5.6010982646E-04
   31     -1.9851487395E-01  -9.3281727187E-02  -1.2715611220E-04  -8.0462196763E-04   1.9919135308E-04
   32     -9.3347147735E-02  -1.5074639222E-01  -3.0257365887E-04   2.9642510103E-04  -4.1391277585E-04
   33     -9.9595990608E-04  -4.9296073027E-04  -1.0130938381E-01   6.1521261481E-02  -2.2225830465E-02
   34     -9.4337209595E-04  -5.2110852884E-04   4.8778537132E-02  -2.2632936788E-01   4.8553399665E-02
   35     -7.1530994566E-04  -7.7179793954E-04  -1.9745555035E-02   4.9779681356E-02  -9.0132336652E-02
   36     -2.6795227847E-04  -3.5105526267E-04   1.3689217821E-03   5.0208728399E-04   1.9424020696E-03
   37      2.6362228112E-04   3.1528858224E-04  -1.3419633880E-04   5.5636965940E-04   1.6726815189E-04
   38     -1.5322644575E-05   1.6811761231E-04   8.5830276339E-04   3.5068291572E-04   1.4814651822E-03
   39      5.5505390294E-04   8.3294704616E-05  -7.2989736556E-03   4.2480411274E-03  -3.7497428418E-03
   40      1.1509237565E-04  -3.0970981602E-04   3.9139929159E-04   1.6133049982E-03   3.2509604265E-04
   41     -6.9409044280E-04  -4.0706008229E-04  -2.0803660323E-03   1.5274542052E-03  -3.8265112403E-04
   42     -4.7747634352E-04  -4.6916388557E-04   6.6740674163E-05  -7.1399467370E-05   2.9451305965E-05
   43     -5.6700049957E-03  -4.2014784339E-02  -7.1909030774E-05   8.0422783080E-05  -4.0976102496E-05
   44     -1.2630032767E-02  -2.2383529829E-02   3.0811977409E-04  -2.9991912406E-04   1.7888848958E-04
                   15                 16                 17                 18                 19        
    0     -2.4261915406E-03  -5.3283007792E-05   1.7223889039E-04  -7.6752597442E-04  -3.5537452443E-04
    1     -9.9272998384E-04   2.8951984273E-05  -2.8205988210E-05  -3.3527059126E-04  -4.8564859908E-06
    2      1.1199239568E-03  -1.4412669919E-05   8.5375428929E-05   7.3118585993E-04   3.4917239813E-04
    3     -8.2806606606E-04  -8.2220905493E-05   2.9002372370E-04  -9.5443950497E-04  -1.8612218251E-04
    4     -1.3266332702E-03   1.4192452569E-04   3.9015078519E-04  -4.6926857909E-04   5.0706516063E-04
    5     -1.1326291669E-03  -5.0834778038E-06   4.7583722280E-04   1.6158397706E-04   4.0753143418E-04
    6     -1.2672662293E-03  -1.0550802814E-04   3.5979208303E-04  -7.1218458113E-04  -1.3083180759E-04
    7      2.4989339248E-04   1.0496435171E-04  -8.1538841646E-05   5.2198385904E-05   1.4978381275E-04
    8     -2.6702572065E-04  -4.8104343420E-05   1.6381842261E-04   3.1609119708E-05   8.8073740030E-05
    9     -3.2798069863E-04  -1.0757000681E-05   1.0468580184E-04  -2.2601375648E-04   1.3946968449E-05
   10      5.0627859669E-04   2.2744157094E-04  -3.6753607175E-05   3.9410700764E-04   5.8370138760E-04
   11      5.7469170182E-05   6.0779016081E-05   1.7032876387E-04   2.4163289704E-04   4.0165729186E-04
   12      1.2782568550E-02  -3.0097692173E-02   1.6764551530E-02   1.5550783430E-02  -4.0332648998E-03
   13     -1.9321809585E-02  -3.7601588491E-02   4.2021229479E-02   2.2521443263E-03  -7.3449957859E-02
   14      1.0060874804E-02   4.7562492094E-02  -2.1286128141E-02   5.7824846971E-03  -4.0193028072E-02
   15      1.9840014720E-01   5.0877284567E-02  -1.4057976239E-01   1.2532301887E-02   8.7166258035E-03
   16      5.0877284567E-02   9.7264887180E-02  -5.5029725043E-02   1.2839009616E-02   1.3054094369E-02
   17     -1.4057976239E-01  -5.5029725043E-02   2.2875038445E-01   3.2528120740E-02  -1.3799767061E-02
   18      1.2532301887E-02   1.2839009616E-02   3.2528120740E-02   8.1172143963E-02   3.2071077295E-02
   19      8.7166258035E-03   1.3054094369E-02  -1.3799767061E-02   3.2071077295E-02   1.8154059330E-01
   20      2.0920188064E-02  -1.9568269967E-02  -7.1561912259E-02   4.3134013959E-02   1.4360170533E-01
   21     -1.6465693127E-02  -6.0623204233E-04   9.9336538364E-04  -2.0328542211E-04   3.0432679190E-04
   22     -1.1637990023E-03   1.7200456481E-03  -5.9717417945E-05  -2.8151018955E-04   8.5398399812E-04
   23     -4.4334144445E-03  -2.5330545250E-04   2.9684635116E-03  -2.3616793364E-04   7.4185779580E-04
   24      5.7859599618E-03   5.4869379573E-04  -1.1879057034E-03   3.2604510971E-03   9.8321055400E-04
   25      3.4408594579E-03   3.0475134628E-04  -6.6847827482E-04   6.2029077167E-04  -4.2699034013E-04
   26      3.4250083428E-03   5.9561550099E-05  -5.8418743991E-04  -1.0230667947E-03  -5.6774619702E-04
   27     -2.8437594310E-02  -2.7051107824E-03   7.0576776168E-03  -4.3684640585E-03  -1.6782395271E-03
   28     -1.3318799399E-02   4.8856436624E-03   3.8294981435E-03  -2.2797833183E-02  -9.0651789247E-04
   29      3.6928342647E-02   3.8351274609E-03  -3.5782450438E-03  -3.5169724227E-02  -1.2233096355E-02
   30      1.0708743023E-03   3.0130330666E-07  -2.2091971858E-04   8.4207445171E-04   1.2464784248E-04
   31     -1.3120875942E-03  -4.2969735571E-04   2.8469250389E-04  -5.0844170519E-04  -7.9514773314E-04
   32      2.2560656519E-04   8.4559969451E-06  -4.3857179599E-04  -3.3830705748E-04  -5.8333327161E-04
   33     -1.8226183494E-01  -3.0071095984E-02   8.2097596318E-02  -1.0028641205E-01  -3.3325000457E-02
   34     -2.5982090328E-02  -8.1278385601E-02   2.3359016799E-02  -2.4671186901E-02  -1.2407077820E-01
   35      7.1908088834E-02   2.3475477101E-02  -1.3659921647E-01  -4.5066584842E-02  -7.7777676398E-02
   36      7.5859499376E-04   1.0999005888E-03   1.1812834614E-03  -7.1345001482E-03  -9.3025978260E-04
   37     -9.2613242577E-04  -7.9940166098E-05   8.1571416479E-04   1.3082237523E-03   1.7695243673E-03
   38      7.7373943878E-04   1.2379475749E-03   1.4694888252E-03  -1.6325553067E-03   9.5671307928E-05
   39      7.3647509563E-04  -1.5512658896E-03   2.9261982126E-04   1.2462110400E-03  -1.7174542110E-03
   40      4.1424270652E-04   1.6496989408E-03  -9.3593199185E-04  -2.3805254094E-04   1.2363426521E-03
   41      1.0077010774E-03  -1.3460985565E-03  -4.4881468897E-05   8.0836594569E-04  -7.0712321714E-04
   42     -5.2295073025E-05  -3.3174619738E-05   4.1913942069E-05   4.8859622570E-05   6.6635874183E-07
   43      9.0047626324E-05   7.2080335936E-06  -3.4439985372E-05  -9.3441686252E-05  -4.0840530012E-05
   44      9.0607311785E-05  -5.8494827928E-07   9.4459916425E-06   2.3035957686E-04   1.3652567873E-04
                   20                 21                 22                 23                 24        
    0     -9.6866773076E-04  -5.9797661665E-02  -2.9166670110E-02   5.1695807696E-02  -9.9023948896E-02
    1     -3.6040069753E-04  -2.3670163513E-02  -6.7138638267E-04   1.3388566819E-02  -2.1893190694E-02
    2      1.0087277407E-03   3.0239019243E-02   7.8554243633E-03   1.9020254864E-04   6.0198597115E-02
    3     -3.9922757697E-04  -1.5260221268E-02  -4.2950439493E-02  -2.9770440962E-02  -7.3351193869E-02
    4      5.9646815475E-04  -3.6914680155E-02  -1.9181497459E-02  -2.3784037229E-02   1.4771394690E-02
    5      8.8755358755E-04  -3.2312337232E-02  -3.0786642751E-02  -1.3240944578E-02   7.3800096007E-03
    6     -3.9981779156E-04  -9.9454378577E-03   6.7699806112E-03  -3.9090027031E-03  -4.3427800072E-02
    7      8.4997093711E-05   6.3013055908E-03  -1.6541505835E-03   3.0074899585E-03   1.6157920114E-02
    8      1.7789647842E-04  -5.1520180988E-03   2.4097100771E-03  -1.5134747486E-03  -1.7059015539E-02
    9     -9.6263156827E-05   1.3510426840E-03   2.1931955622E-03   1.4115369879E-03   1.3929460105E-03
   10      6.5152307160E-04   4.5410965586E-03   2.3923843935E-03   2.7076946451E-03  -7.3415719390E-03
   11      5.8358252968E-04   1.4560419046E-03   1.9350968724E-03   1.9822210176E-03  -3.9565012637E-03
   12      3.4180102372E-03  -1.2608193402E-04   1.1431874544E-04  -5.4865441097E-04   3.1021080439E-03
   13     -2.7399590898E-02   1.1829477142E-03   3.6956009405E-03  -1.5683258313E-03  -1.8163520515E-03
   14      9.5846133646E-03  -1.6496073754E-03  -1.9542250814E-03   1.9252483852E-03   7.8060023422E-04
   15      2.0920188064E-02  -1.6465693127E-02  -1.1637990023E-03  -4.4334144445E-03   5.7859599618E-03
   16     -1.9568269967E-02  -6.0623204233E-04   1.7200456481E-03  -2.5330545250E-04   5.4869379573E-04
   17     -7.1561912259E-02   9.9336538364E-04  -5.9717417945E-05   2.9684635116E-03  -1.1879057034E-03
   18      4.3134013959E-02  -2.0328542211E-04  -2.8151018955E-04  -2.3616793364E-04   3.2604510971E-03
   19      1.4360170533E-01   3.0432679190E-04   8.5398399812E-04   7.4185779580E-04   9.8321055400E-04
   20      2.7874497314E-01  -1.8190670460E-03   2.4441021218E-04   3.0608967926E-03   1.6749113060E-03
   21     -1.8190670460E-03   4.9990697715E-01   1.1141695205E-01  -4.9683428636E-02  -2.1975676070E-01
   22      2.4441021218E-04   1.1141695205E-01   1.3761736680E-01  -3.1686467756E-02  -1.4504675942E-02
   23      3.0608967926E-03  -4.9683428636E-02  -3.1686467756E-02   3.2143702595E-01  -3.7483435582E-02
   24      1.6749113060E-03  -2.1975676070E-01  -1.4504675942E-02  -3.7483435582E-02   5.3872801679E-01
   25     -2.8491895614E-04   1.0222431706E-03  -6.6254844642E-02   7.1265340484E-03  -1.2839219175E-02
   26     -7.5309150703E-04  -6.1878651157E-02  -4.0965150489E-04  -1.1204489710E-01  -1.2608045920E-02
   27     -7.2052512628E-03  -1.2054220730E-01  -2.6336528657E-02   4.0515228243E-02  -4.3151925217E-02
   28     -2.2063300648E-02  -2.3465012639E-02  -6.8553792539E-02   2.2729056056E-02  -1.0434075388E-02
   29     -2.8793570363E-02   6.5510010867E-02   3.2037647327E-02  -1.6765651611E-01   1.4648521718E-02
   30      6.4356667000E-04  -2.7404087174E-02   1.2391976890E-02  -1.6597992673E-02  -8.2061650256E-02
   31     -7.7492862947E-04  -2.0737568934E-02   6.6967790958E-03  -8.6819450497E-03   4.3015371119E-02
   32     -1.0046061988E-03  -5.8461042522E-03  -6.3382579824E-04   3.0197584461E-03  -8.0566034752E-03
   33     -5.4807114206E-02  -2.1301157896E-02  -1.6276860982E-03   5.4996797904E-03  -1.2524859208E-02
   34     -7.6041970831E-02  -1.4207590791E-02  -4.2936351290E-03  -1.2714973182E-03   4.3546021313E-05
   35     -1.9284363718E-01   4.1657565931E-02   3.1517867747E-03   1.2502069057E-04  -2.0920575117E-03
   36     -5.3659841725E-03  -5.6087201110E-03   1.0007303853E-02   2.6648048624E-02   4.3758986063E-03
   37      1.6257158428E-03   1.2792804990E-03   9.0698458214E-03   1.0587538626E-02  -1.1570252750E-04
   38     -2.6127451415E-04   1.0341158034E-02  -9.1561632779E-03  -2.6549826307E-02  -4.9393314310E-03
   39      1.0230810961E-03  -4.8444178669E-03  -2.5698705856E-02   1.5139732970E-02   5.5421506903E-03
   40     -1.7437095492E-04  -8.7719096897E-03  -1.5133146842E-03   7.9209479454E-03   3.1451119029E-03
   41      8.9205749328E-04   9.8622718461E-03   2.7096044704E-02  -1.4129764251E-02  -4.9220293060E-03
   42      6.4670999687E-05  -2.2875204141E-06  -1.1748627652E-03   1.6903315167E-03   1.1110607010E-02
   43     -9.7492526524E-05   2.3361557926E-03   7.6614724279E-05  -9.5937259536E-04  -9.8126329592E-03
   44      2.7779089103E-04  -1.6560478952E-03  -4.8161405083E-05   4.2658576289E-04   7.6307507900E-03
                   25                 26                 27                 28                 29        
    0     -2.7559595708E-02   6.4107121397E-02  -8.2196483159E-04  -9.3296958509E-04  -7.1013797146E-03
    1     -1.0572843478E-01   6.5033981987E-02  -3.1715886253E-04   3.2586959207E-03  -2.5639260360E-03
    2      7.2897783147E-02  -2.1962539271E-01  -2.0591598648E-03  -2.1846772309E-04   5.3114331735E-03
    3      6.2387619412E-03   1.0029296952E-03   2.4045031656E-03   4.6211788506E-04  -3.7991756195E-03
    4     -1.7929926407E-01  -4.8704908448E-02   5.0375650265E-03   1.7635462992E-03  -7.5621920461E-03
    5     -6.0833527912E-02  -9.9613010094E-02   6.5714747090E-03   3.3283422424E-04  -7.1658272130E-03
    6     -2.0064106314E-02   6.4490334342E-05   2.8462517845E-03   2.2148379911E-04  -3.0104028595E-03
    7      6.2532908943E-03  -2.6427574309E-03  -1.5473900645E-03  -1.1271599864E-03   1.4431505839E-03
    8     -3.7652508724E-03  -2.7701690478E-04   1.4479494428E-03   5.1686000133E-04  -1.2765577138E-03
    9      8.4971298349E-03   1.1207739924E-02   5.5557865367E-04   2.1900625003E-04  -5.2199562217E-04
   10     -3.4789269406E-02  -3.6721871392E-02  -1.4409434552E-03  -1.8247436617E-03   1.3078134054E-03
   11     -2.7730062017E-03  -2.1895101910E-03   7.2968758821E-04  -1.4406894488E-04  -5.3874161188E-04
   12      1.6059854417E-03  -9.6840677095E-05  -5.3277535656E-03   3.9727999224E-02  -1.3231124941E-02
   13     -2.4658830753E-03  -6.7677352145E-04   5.9278300383E-03  -2.8395248401E-02   1.2665536879E-02
   14      5.3517108078E-04   5.9401872392E-06  -4.7312567851E-03   2.2208860392E-02  -1.4359203976E-03
   15      3.4408594579E-03   3.4250083428E-03  -2.8437594310E-02  -1.3318799399E-02   3.6928342647E-02
   16      3.0475134628E-04   5.9561550099E-05  -2.7051107824E-03   4.8856436624E-03   3.8351274609E-03
   17     -6.6847827482E-04  -5.8418743991E-04   7.0576776168E-03   3.8294981435E-03  -3.5782450438E-03
   18      6.2029077167E-04  -1.0230667947E-03  -4.3684640585E-03  -2.2797833183E-02  -3.5169724227E-02
   19     -4.2699034013E-04  -5.6774619702E-04  -1.6782395271E-03  -9.0651789247E-04  -1.2233096355E-02
   20     -2.8491895614E-04  -7.5309150703E-04  -7.2052512628E-03  -2.2063300648E-02  -2.8793570363E-02
   21      1.0222431706E-03  -6.1878651157E-02  -1.2054220730E-01  -2.3465012639E-02   6.5510010867E-02
   22     -6.6254844642E-02  -4.0965150489E-04  -2.6336528657E-02  -6.8553792539E-02   3.2037647327E-02
   23      7.1265340484E-03  -1.1204489710E-01   4.0515228243E-02   2.2729056056E-02  -1.6765651611E-01
   24     -1.2839219175E-02  -1.2608045920E-02  -4.3151925217E-02  -1.0434075388E-02   1.4648521718E-02
   25      5.0509807084E-01  -6.2168676897E-02  -1.6751041702E-02  -1.3310350656E-02   1.0293234299E-02
   26     -6.2168676897E-02   5.2899526083E-01   2.5948972221E-02   6.3174457744E-03   1.0458351792E-02
   27     -1.6751041702E-02   2.5948972221E-02   4.8788821720E-01  -3.6311731160E-05   3.2390301535E-02
   28     -1.3310350656E-02   6.3174457744E-03  -3.6311731160E-05   6.1604052270E-01   3.5490775524E-02
   29      1.0293234299E-02   1.0458351792E-02   3.2390301535E-02   3.5490775524E-02   5.3874837285E-01
   30      5.4770154794E-02  -2.6382553202E-02  -1.9604756202E-03   1.6023743897E-03  -2.2047442509E-04
   31     -1.1471990694E-01   5.7868523088E-02   4.9974311827E-03   4.7038526026E-03  -5.3151772907E-03
   32      4.5002746323E-02  -8.3896549529E-02  -4.5711769824E-03  -1.3968218455E-03   2.9433291874E-03
   33     -3.8688059779E-03   3.6399004345E-04  -1.7211460687E-01   1.4585347381E-02  -4.0310763571E-02
   34      1.9053793455E-03   2.0448976202E-03   2.0621634357E-02  -7.0436097139E-02   1.9527592127E-03
   35     -2.4640913989E-03  -4.8134881608E-03  -5.8478802283E-02   9.7595827987E-04  -7.6644971870E-02
   36      4.3417395044E-03   4.6928575042E-03  -5.8269364610E-02  -1.9449790031E-02  -3.1719571943E-02
   37      2.0160006985E-03  -3.1775117615E-04  -2.1616874329E-02  -1.5564904561E-01  -1.2937635621E-01
   38     -3.6723352438E-03  -3.0569925060E-03  -2.7590584503E-02  -1.2191008890E-01  -2.0553137362E-01
   39     -1.5999222417E-03   2.3279820631E-03  -5.8030744625E-02   3.3571701617E-02  -1.3673967387E-02
   40      2.2121657115E-04   1.2896620860E-03   3.6000403806E-02  -2.9054356858E-01   5.7284333083E-02
   41     -4.8922177841E-04  -2.0686979854E-03  -1.0930282876E-02   5.2451697704E-02  -6.4270530677E-02
   42      2.2376986824E-03  -1.1160398806E-02  -6.6944980299E-04   2.4862930289E-05  -6.9243243635E-04
   43      1.1962342119E-03   1.9829112937E-02  -1.3536682016E-04   9.4263286943E-05   7.3435142162E-04
   44      1.0309901622E-03  -1.0536718670E-02   8.7905917989E-04   8.8578070351E-04  -5.6923237386E-04
                   30                 31                 32                 33                 34        
    0      1.2266175802E-03   1.6945993976E-03  -2.9099931068E-03   3.5220664276E-03  -1.2539995907E-03
    1     -1.8930369153E-02  -8.0489653439E-03   3.7191127396E-02   1.5729505487E-03  -1.0122606976E-03
    2      2.2452957508E-02   1.2433840283E-02  -4.0986189737E-02  -2.4990630690E-03   7.0296115400E-04
    3      4.6417196063E-03   1.0392213295E-02   7.8014200837E-03   2.6648496613E-03  -4.5933752145E-04
    4     -6.3599298705E-03  -3.3792029348E-02  -3.6670730419E-02   2.4199768175E-03  -2.0770974118E-03
    5     -3.0365341371E-03  -6.7458881537E-03  -3.7095677597E-03   9.1343997626E-04  -5.3741642026E-04
    6     -2.7409380048E-01  -2.5034389996E-02   1.2542315432E-02   3.0248223984E-03  -2.9092855969E-04
    7     -3.9089907180E-02  -7.3968647050E-02   7.1744955692E-03  -1.7511130622E-04  -3.2855657937E-04
    8      5.1374646014E-03   5.1117195774E-03  -7.3998982498E-02   6.8371913440E-05  -1.0015776114E-04
    9     -6.6570267354E-02   5.8246193440E-03   4.6193715164E-03   1.0166848983E-03  -1.6916104080E-04
   10      2.0055002715E-02  -1.9851487395E-01  -9.3347147735E-02  -9.9595990608E-04  -9.4337209595E-04
   11      1.4674823714E-02  -9.3281727187E-02  -1.5074639222E-01  -4.9296073027E-04  -5.2110852884E-04
   12      9.9257795384E-04  -1.2715611220E-04  -3.0257365887E-04  -1.0130938381E-01   4.8778537132E-02
   13     -1.0166282502E-03  -8.0462196763E-04   2.9642510103E-04   6.1521261481E-02  -2.2632936788E-01
   14      5.6010982646E-04   1.9919135308E-04  -4.1391277585E-04  -2.2225830465E-02   4.8553399665E-02
   15      1.0708743023E-03  -1.3120875942E-03   2.2560656519E-04  -1.8226183494E-01  -2.5982090328E-02
   16      3.0130330666E-07  -4.2969735571E-04   8.4559969451E-06  -3.0071095984E-02  -8.1278385601E-02
   17     -2.2091971858E-04   2.8469250389E-04  -4.3857179599E-04   8.2097596318E-02   2.3359016799E-02
   18      8.4207445171E-04  -5.0844170519E-04  -3.3830705748E-04  -1.0028641205E-01  -2.4671186901E-02
   19      1.2464784248E-04  -7.9514773314E-04  -5.8333327161E-04  -3.3325000457E-02  -1.2407077820E-01
   20      6.4356667000E-04  -7.7492862947E-04  -1.0046061988E-03  -5.4807114206E-02  -7.6041970831E-02
   21     -2.7404087174E-02  -2.0737568934E-02  -5.8461042522E-03  -2.1301157896E-02  -1.4207590791E-02
   22      1.2391976890E-02   6.6967790958E-03  -6.3382579824E-04  -1.6276860982E-03  -4.2936351290E-03
   23     -1.6597992673E-02  -8.6819450497E-03   3.0197584461E-03   5.4996797904E-03  -1.2714973182E-03
   24     -8.2061650256E-02   4.3015371119E-02  -8.0566034752E-03  -1.2524859208E-02   4.3546021313E-05
   25      5.4770154794E-02  -1.1471990694E-01   4.5002746323E-02  -3.8688059779E-03   1.9053793455E-03
   26     -2.6382553202E-02   5.7868523088E-02  -8.3896549529E-02   3.6399004345E-04   2.0448976202E-03
   27     -1.9604756202E-03   4.9974311827E-03  -4.5711769824E-03  -1.7211460687E-01   2.0621634357E-02
   28      1.6023743897E-03   4.7038526026E-03  -1.3968218455E-03   1.4585347381E-02  -7.0436097139E-02
   29     -2.2047442509E-04  -5.3151772907E-03   2.9433291874E-03  -4.0310763571E-02   1.9527592127E-03
   30      5.2361807718E-01  -9.5535844612E-03  -7.1841799636E-02  -3.2262289268E-03   6.6320886656E-04
   31     -9.5535844612E-03   4.8963736224E-01  -2.6067646139E-02   1.5700529658E-03   1.2574400104E-03
   32     -7.1841799636E-02  -2.6067646139E-02   6.1766943586E-01   5.1674316493E-04   7.4011714527E-04
   33     -3.2262289268E-03   1.5700529658E-03   5.1674316493E-04   5.8321345581E-01  -1.3308681176E-02
   34      6.6320886656E-04   1.2574400104E-03   7.4011714527E-04  -1.3308681176E-02   5.1406939211E-01
   35     -9.0339034380E-04   1.2012936144E-03   1.3444492555E-03   3.8477217681E-02  -2.9468272980E-03
   36     -2.5673180987E-04  -9.5778079581E-05   7.6864898678E-04   1.4555675005E-04  -2.1497707123E-02
   37      1.6023190882E-04  -3.1728436170E-04  -8.8825546922E-04   1.8925692981E-03   1.2877772418E-03
   38      6.8900118282E-05   4.4562920990E-04  -2.4285519720E-04  -2.9985225532E-03  -9.6249699166E-03
   39     -1.1245207567E-03  -9.9369197479E-04  -1.4498256115E-04  -2.8267971195E-04   3.1625792368E-02
   40     -6.6808007394E-04  -8.2124697971E-04   1.4318305510E-03  -4.2516943787E-04  -7.7345396596E-03
   41      4.5601126463E-04   1.3812877326E-03   7.0662837213E-04  -4.1488799640E-03   1.3998420447E-02
   42     -7.5694178690E-02  -9.3809751291E-03   6.7524675606E-02  -2.8027254001E-04   1.0979521192E-04
   43     -1.3900013039E-02  -7.0083012921E-02   6.7775191307E-02   2.3352092620E-04  -1.5898320493E-05
   44      7.5222589808E-02   6.1908506375E-02  -2.7024597340E-01  -7.8769480003E-04  -1.3035192843E-04
                   35                 36                 37                 38                 39        
    0      3.5949891629E-03  -3.3264900128E-04   1.7069525245E-04   5.4898823029E-04  -1.3970894369E-03
    1      1.8000497708E-03  -6.1029648221E-04  -3.5762674840E-04   5.1994573846E-04   3.8328341900E-04
    2     -2.3137680184E-03  -6.2904506003E-04  -1.4022757960E-04   1.9473883291E-04   3.3195468585E-04
    3     -1.5234763262E-04  -7.6992281201E-04  -6.9659466937E-04  -7.2935245482E-04  -6.8437818008E-04
    4     -1.5036899347E-05  -1.9067032533E-03  -8.5530806913E-04   1.6928087104E-03  -2.3530353049E-04
    5     -2.1615488523E-04  -1.4030992787E-03   9.0063824410E-04   2.6030430199E-03  -9.0521012777E-04
    6      5.4723076029E-04  -1.8327976852E-04  -2.5246202937E-04   2.2930119094E-04   2.3064765304E-04
    7     -1.1908170191E-04   9.7248533394E-05  -4.7334769681E-05  -1.0555018815E-04   1.5702033561E-04
    8     -1.6910019850E-04  -2.2526544897E-04   1.8068553851E-04   1.5736279241E-04  -2.4603333838E-04
    9      8.7488804879E-05  -7.1014972585E-05   7.8837629978E-05  -4.7407629561E-06   3.8857364289E-04
   10     -7.1530994566E-04  -2.6795227847E-04   2.6362228112E-04  -1.5322644575E-05   5.5505390294E-04
   11     -7.7179793954E-04  -3.5105526267E-04   3.1528858224E-04   1.6811761231E-04   8.3294704616E-05
   12     -1.9745555035E-02   1.3689217821E-03  -1.3419633880E-04   8.5830276339E-04  -7.2989736556E-03
   13      4.9779681356E-02   5.0208728399E-04   5.5636965940E-04   3.5068291572E-04   4.2480411274E-03
   14     -9.0132336652E-02   1.9424020696E-03   1.6726815189E-04   1.4814651822E-03  -3.7497428418E-03
   15      7.1908088834E-02   7.5859499376E-04  -9.2613242577E-04   7.7373943878E-04   7.3647509563E-04
   16      2.3475477101E-02   1.0999005888E-03  -7.9940166098E-05   1.2379475749E-03  -1.5512658896E-03
   17     -1.3659921647E-01   1.1812834614E-03   8.1571416479E-04   1.4694888252E-03   2.9261982126E-04
   18     -4.5066584842E-02  -7.1345001482E-03   1.3082237523E-03  -1.6325553067E-03   1.2462110400E-03
   19     -7.7777676398E-02  -9.3025978260E-04   1.7695243673E-03   9.5671307928E-05  -1.7174542110E-03
   20     -1.9284363718E-01  -5.3659841725E-03   1.6257158428E-03  -2.6127451415E-04   1.0230810961E-03
   21      4.1657565931E-02  -5.6087201110E-03   1.2792804990E-03   1.0341158034E-02  -4.8444178669E-03
   22      3.1517867747E-03   1.0007303853E-02   9.0698458214E-03  -9.1561632779E-03  -2.5698705856E-02
   23      1.2502069057E-04   2.6648048624E-02   1.0587538626E-02  -2.6549826307E-02   1.5139732970E-02
   24     -2.0920575117E-03   4.3758986063E-03  -1.1570252750E-04  -4.9393314310E-03   5.5421506903E-03
   25     -2.4640913989E-03   4.3417395044E-03   2.0160006985E-03  -3.6723352438E-03  -1.5999222417E-03
   26     -4.8134881608E-03   4.6928575042E-03  -3.1775117615E-04  -3.0569925060E-03   2.3279820631E-03
   27     -5.8478802283E-02  -5.8269364610E-02  -2.1616874329E-02  -2.7590584503E-02  -5.8030744625E-02
   28      9.7595827987E-04  -1.9449790031E-02  -1.5564904561E-01  -1.2191008890E-01   3.3571701617E-02
   29     -7.6644971870E-02  -3.1719571943E-02  -1.2937635621E-01  -2.0553137362E-01  -1.3673967387E-02
   30     -9.0339034380E-04  -2.5673180987E-04   1.6023190882E-04   6.8900118282E-05  -1.1245207567E-03
   31      1.2012936144E-03  -9.5778079581E-05  -3.1728436170E-04   4.4562920990E-04  -9.9369197479E-04
   32      1.3444492555E-03   7.6864898678E-04  -8.8825546922E-04  -2.4285519720E-04  -1.4498256115E-04
   33      3.8477217681E-02   1.4555675005E-04   1.8925692981E-03  -2.9985225532E-03  -2.8267971195E-04
   34     -2.9468272980E-03  -2.1497707123E-02   1.2877772418E-03  -9.6249699166E-03   3.1625792368E-02
   35      5.1799527704E-01  -2.3863785154E-02   3.1173193713E-03  -1.1601407733E-02  -5.5924935558E-03
   36     -2.3863785154E-02   6.3382550269E-02   2.4213884244E-02   2.4304311347E-02   2.6565588110E-03
   37      3.1173193713E-03   2.4213884244E-02   1.5759448824E-01   1.3557639238E-01  -5.5388366943E-03
   38     -1.1601407733E-02   2.4304311347E-02   1.3557639238E-01   2.3164343730E-01   6.6763243592E-04
   39     -5.5924935558E-03   2.6565588110E-03  -5.5388366943E-03   6.6763243592E-04   6.3796050619E-02
   40      4.5856837543E-04   4.2724848772E-03  -1.5004397466E-02   4.6989773291E-03  -3.3298563308E-02
   41     -3.2033317165E-03   4.1909115900E-03  -2.2782617763E-02   9.3621472738E-03   4.6188567694E-03
   42     -4.3774346012E-05  -6.1897979296E-05   1.8814654371E-04   1.0622772766E-04  -9.3386331887E-04
   43     -9.9383042653E-05   2.1276803164E-04  -2.4669111169E-04  -1.3947153708E-04   9.3186339399E-05
   44     -1.5553616471E-04  -1.7413153615E-04   2.2449383475E-04   1.6392904330E-04  -1.6674613703E-04
                   40                 41                 42                 43                 44        
    0     -5.3957123657E-04   1.1857865227E-03  -6.1467637119E-04   1.0943056585E-03  -1.0864110323E-03
    1      1.0278918720E-04  -1.3009199463E-04   4.0656206039E-03  -4.6577894313E-03   1.5509160800E-03
    2     -1.6674923131E-06  -4.1175090876E-04  -4.3182907704E-03   4.3599053947E-03  -7.4108099334E-04
    3     -4.7067752273E-04   1.5734827606E-04  -4.5321471368E-04   1.5860200152E-04  -6.4297511048E-04
    4     -2.2193977766E-04   6.7535361948E-04  -4.4626157661E-04   1.0395562786E-03   8.1324685757E-04
    5     -3.0611392810E-04   1.1660191179E-03   5.8585567192E-04  -1.2130636194E-03   2.3739131338E-03
    6      1.0638221916E-04   3.5736639930E-04  -3.5148348716E-02  -1.0218514542E-02   7.4158281298E-04
    7      3.9015067941E-04  -3.1655927965E-04  -1.7319146126E-02   3.3313207548E-03   7.2957593282E-04
    8     -4.3042083390E-04   6.4474379793E-05   3.0801127582E-02   5.5017691767E-03   9.7060077843E-03
    9     -3.8924260201E-05  -2.9987124203E-04   7.6235610273E-03   7.8496562962E-03   3.2912438365E-03
   10      1.1509237565E-04  -6.9409044280E-04  -4.7747634352E-04  -5.6700049957E-03  -1.2630032767E-02
   11     -3.0970981602E-04  -4.0706008229E-04  -4.6916388557E-04  -4.2014784339E-02  -2.2383529829E-02
   12      3.9139929159E-04  -2.0803660323E-03   6.6740674163E-05  -7.1909030774E-05   3.0811977409E-04
   13      1.6133049982E-03   1.5274542052E-03  -7.1399467370E-05   8.0422783080E-05  -2.9991912406E-04
