
$orca_hessian_file

$act_atom
  0

$act_coord
  0

$act_energy
        0.000000

$multiplicity
  1

$hessian
45
                    0                  1                  2                  3                  4        
    0      7.6762309375E-02  -1.0960158721E-03  -2.9142570681E-03   4.2967472556E-03  -4.5561081613E-03
    1     -1.0960158721E-03   1.4920030268E-01  -1.2132996234E-01  -6.5482125876E-04   2.3115556746E-02
    2     -2.9142570681E-03  -1.2132996234E-01   2.5658127461E-01   2.2427333204E-02   6.2182748707E-03
    3      4.2967472556E-03  -6.5482125876E-04   2.2427333204E-02   1.4349695555E-01  -7.9409394153E-02
    4     -4.5561081613E-03   2.3115556746E-02   6.2182748707E-03  -7.9409394153E-02   1.6253848376E-01
    5      2.5117148630E-02  -6.3163981110E-03  -7.0136924055E-02  -9.7769962611E-02   1.2087089618E-01
    6      1.1129200414E-03   4.7482057793E-04  -1.5881322913E-03   1.6440893745E-03  -3.9060563312E-03
    7     -2.0567608024E-03  -8.1654233187E-04   2.2683830398E-04  -3.7314264726E-03  -1.1047442260E-02
    8     -2.1122549117E-03  -1.4350165832E-03   6.3984580490E-03  -2.4160476707E-03  -6.5061895322E-03
    9     -1.5391666508E-03  -5.9850718058E-03   2.8599036081E-03   9.3651710332E-04  -6.4439423617E-04
   10     -6.6284735671E-03  -1.1124030067E-02   3.1233784969E-03  -7.0625847679E-04  -4.8559086849E-04
   11      1.8622358609E-03   3.0182859661E-03   1.6409456342E-03  -1.3597619801E-03   1.7285881981E-03
   12     -9.4613067469E-04   4.8051046457E-04  -1.6238423170E-05  -7.8988607349E-04   5.6667682001E-04
   13     -3.1773387627E-05   3.3058568863E-04  -2.0866232332E-04  -4.2469834868E-05   1.6273162049E-04
   14     -4.7943300262E-04  -4.2854901425E-04   1.1085233248E-03  -1.0240156600E-03   6.9752542866E-04
   15     -7.7819321666E-04   9.6641865841E-04  -1.4890833013E-03  -2.3118264921E-03   1.3165617869E-03
   16      1.1713370861E-04   1.7320199674E-04  -4.7232833221E-06  -1.2653692178E-04   1.9844787478E-04
   17      2.2641273471E-04  -2.5097389506E-04   5.3574153699E-04   1.4832540176E-04   5.0985418415E-05
   18     -4.6315598632E-04   4.0443634162E-04  -4.2264988065E-04  -7.0855618809E-04   5.3505713958E-04
   19     -2.4614332010E-04   1.4045747295E-03  -9.3585669384E-04  -9.7410363136E-04   1.1443841747E-03
   20     -8.0824711865E-05  -2.2923272983E-04   3.5477965959E-04  -2.2498132654E-04   1.9681834191E-04
   21     -1.1859039812E-02   2.5303160667E-02  -3.9952548270E-02  -6.1065760335E-02   3.3881864821E-02
   22      3.1387112907E-02  -5.1828744433E-03   2.9156678456E-02   4.2844000690E-02  -7.0937479820E-03
   23     -4.0592520083E-02   2.2287500919E-02  -3.1189926019E-02   3.8505892757E-02  -1.1116741070E-02
   24     -7.7500696111E-02  -1.6223211281E-02   1.3785590158E-02  -9.4501049634E-02   3.3530060468E-02
   25     -1.0508550099E-02  -1.3977322884E-01   7.5508681246E-02   4.0486379412E-02  -1.5298334955E-01
   26      7.2813207770E-03   6.1701956435E-02  -1.4026706842E-01   4.4867357695E-02  -8.0700361682E-02
   27      2.5947971991E-03  -3.1556269925E-03   8.1019594254E-03   8.6026768925E-04  -1.3541186958E-03
   28     -9.3643114696E-04   3.0481483304E-03  -3.5267845648E-03   3.1890245210E-04   3.5604508292E-03
   29     -2.9820707170E-03   4.5739449642E-03  -8.0765484787E-03  -7.4994386614E-03   3.3888794516E-03
   30      5.7432319324E-03   5.6992745774E-04  -6.5792083100E-04   4.5986858858E-03   2.2910556045E-02
   31     -8.4284033296E-03  -1.6668705851E-02   9.6807071515E-03  -2.4737306794E-03  -1.7060599175E-02
   32      1.5917184789E-02   3.9501462326E-02  -2.1225231090E-02  -3.3337515586E-04  -3.3303031730E-02
   33      2.6456390044E-03  -1.8317918518E-03   1.5787977085E-03   3.4600391841E-03  -2.2017081241E-03
   34      4.8035947272E-04  -2.2393566846E-03   1.3702459212E-03   2.4928215835E-03  -2.2660605645E-03
   35     -2.6282181482E-04   5.0120247453E-04  -6.2593161935E-04   2.7348891925E-03  -1.9542011124E-03
   36     -7.1890319266E-04   4.6902521181E-05  -9.7221257358E-04  -1.8684101076E-03  -2.4935051727E-05
   37      3.4203671933E-04  -1.9782001124E-04   5.5149209608E-04   7.2740040400E-04  -1.2780815907E-05
   38     -1.5930286445E-04  -2.3836325166E-04   1.2230067339E-03   1.1603566758E-03  -1.6430088709E-04
   39     -1.0524226757E-03   1.5249024078E-03  -1.9194416799E-03  -3.0279150576E-04   3.7060913626E-04
   40      5.2467682942E-04  -1.2551049149E-03   2.8803113201E-04  -1.2871213495E-04  -3.6525605519E-04
   41     -1.1846533190E-03  -4.3638115147E-04   2.8228931751E-03   4.7886650590E-04  -3.0795976497E-04
   42      1.7020635125E-03  -8.4987159649E-04   1.2090629767E-03   2.2549782940E-03  -9.0804720840E-04
   43      1.6626716114E-03  -1.4707025180E-05   1.8888711869E-04   1.2713247681E-03   5.9477226017E-04
   44      3.3367293972E-04  -1.2267015920E-03   8.5600695571E-04   3.0370358229E-04   7.2504679752E-04
                    5                  6                  7                  8                  9        
    0      2.5117148630E-02   1.1129200414E-03  -2.0567608024E-03  -2.1122549117E-03  -1.5391666508E-03
    1     -6.3163981110E-03   4.7482057793E-04  -8.1654233187E-04  -1.4350165832E-03  -5.9850718058E-03
    2     -7.0136924055E-02  -1.5881322913E-03   2.2683830398E-04   6.3984580490E-03   2.8599036081E-03
    3     -9.7769962611E-02   1.6440893745E-03  -3.7314264726E-03  -2.4160476707E-03   9.3651710332E-04
    4      1.2087089618E-01  -3.9060563312E-03  -1.1047442260E-02  -6.5061895322E-03  -6.4439423617E-04
    5      2.3468937221E-01  -3.0617119757E-03  -6.1542595032E-03  -1.7043607405E-03  -1.8402878984E-03
    6     -3.0617119757E-03   1.0426277597E-01  -6.4086099879E-02  -9.2603196314E-02   7.9403187294E-03
    7     -6.1542595032E-03  -6.4086099879E-02   1.5101388868E-01   1.1822215100E-01  -8.6990383388E-03
    8     -1.7043607405E-03  -9.2603196314E-02   1.1822215100E-01   2.3822583341E-01   2.2378792647E-02
    9     -1.8402878984E-03   7.9403187294E-03  -8.6990383388E-03   2.2378792647E-02   5.7484358474E-02
   10     -2.2994522097E-03  -6.1301889538E-03   2.5342144265E-02  -2.7463562860E-03  -2.1038399148E-03
   11      5.8282584988E-03   2.0367438787E-02   6.8070877293E-03  -7.0953940037E-02  -2.0007370659E-03
   12      5.9804624628E-04  -6.5340071699E-04  -1.1723367128E-04   2.4128276181E-04  -1.7422307875E-04
   13      4.2850997407E-06   3.6893152174E-05   8.7948986792E-05  -1.9938699904E-05  -4.8667076344E-05
   14      9.0739846318E-04  -8.5117027768E-04   4.7640984775E-05   6.2567592473E-04  -6.9395871356E-05
   15      6.9375972735E-04  -1.7562528001E-04  -6.1315933680E-04  -4.8469024174E-04  -2.2225405107E-04
   16      8.8751039029E-05  -7.2623220757E-05   2.4932931579E-04   2.1860360092E-04   2.4045099751E-06
   17      7.6375140547E-05  -7.4425173998E-05   3.0217159010E-04   3.6570311393E-04   6.1653751939E-05
   18      4.6281037774E-04  -7.1882222306E-04   6.8359298920E-05   5.9695982297E-05  -2.0238892801E-04
   19      4.3626078865E-04  -1.0286099071E-03   4.5152477266E-04   2.5847427460E-04  -2.3819458194E-04
   20      2.5759960057E-04  -1.7315031030E-04   9.3112817918E-05   1.2466730651E-04  -3.1052719008E-05
   21      2.0511631966E-02   6.5553741890E-03  -5.7237589754E-03  -4.3061221123E-03   3.1171728328E-03
   22     -4.3221139129E-03   1.8213873849E-03   2.7555643099E-03   1.7133433464E-03  -8.5537201661E-05
   23      8.0746213101E-03   1.4984732940E-03   2.6032146977E-03   2.7709001737E-03   2.0942278837E-03
   24      4.3430327486E-02   4.4046586532E-03   2.8006331885E-02   1.7955924661E-02   2.5607941698E-03
   25     -8.8535865405E-02  -5.5808746057E-03  -1.4804976967E-02  -1.0642044753E-02  -1.1500151356E-02
   26     -1.6046708744E-01  -3.3215421041E-03  -2.9355287997E-02  -2.2616851474E-02   1.5737408494E-02
   27     -2.6210913099E-03  -4.8593507323E-03   7.5408467953E-04   9.7666534609E-04   3.5264941443E-04
   28      3.0753650000E-05   1.0368510555E-03  -2.4173029113E-03  -8.4485318036E-04   6.6264039345E-06
   29      4.0603823803E-03   6.2442081365E-04  -1.7873954821E-03  -2.4519207504E-03  -2.1909030719E-04
   30      1.6845126278E-02  -1.1172793583E-01   4.8227047617E-02   5.3625089773E-02  -8.0111494082E-02
   31     -1.3835111977E-02   5.1799969558E-02  -1.4493719039E-01  -8.8927214207E-02   7.7891596896E-03
   32     -2.0392400167E-02   4.5226023753E-02  -7.3185529961E-02  -1.4647314219E-01  -1.2794829495E-02
   33     -1.8085692571E-03   2.0209962748E-03   2.3389256382E-04  -2.3710493533E-04   7.3012195438E-04
   34     -9.1025139508E-04   1.2983608289E-04  -2.1434612888E-04  -3.4354241528E-04   2.0404445941E-04
   35     -1.3735703271E-03   4.1994462309E-04  -2.8939953860E-04  -4.4075850101E-04   5.2221460399E-06
   36      5.4387792005E-04  -1.0857254296E-04  -1.0168334486E-03  -1.0200609441E-03   2.4424043240E-04
   37     -1.4220381807E-04  -1.7759866222E-03   5.1682513636E-04   4.8226448791E-05  -7.1966134927E-05
   38     -4.3678509646E-04   3.5849843395E-04  -1.7833588976E-04  -5.2960652777E-04  -2.1288022788E-04
   39     -7.9386158741E-04   1.1486933814E-04  -3.1768721609E-04  -5.1144412447E-04   1.1848513216E-05
   40      3.4168113687E-04   7.2338711763E-04  -2.6255515395E-04  -6.5499990873E-04  -1.3651835201E-05
   41      2.2228916126E-04  -8.6504170468E-04   1.2931112121E-05   5.3077141439E-04   4.5327710551E-05
   42     -3.0638594001E-04  -9.8122952471E-03   9.1811723967E-03   8.5885012403E-03   8.8715051664E-03
   43      9.1879953559E-04   2.6448404291E-02  -5.9168693222E-03  -8.2988192922E-03   2.1396597071E-02
   44      3.9483106998E-04   3.3908539289E-02  -1.7406763673E-02  -3.8714291672E-03  -2.6022272664E-02
                   10                 11                 12                 13                 14        
    0     -6.6284735671E-03   1.8622358609E-03  -9.4613067469E-04  -3.1773387627E-05  -4.7943300262E-04
    1     -1.1124030067E-02   3.0182859661E-03   4.8051046457E-04   3.3058568863E-04  -4.2854901425E-04
    2      3.1233784969E-03   1.6409456342E-03  -1.6238423170E-05  -2.0866232332E-04   1.1085233248E-03
    3     -7.0625847679E-04  -1.3597619801E-03  -7.8988607349E-04  -4.2469834868E-05  -1.0240156600E-03
    4     -4.8559086849E-04   1.7285881981E-03   5.6667682001E-04   1.6273162049E-04   6.9752542866E-04
    5     -2.2994522097E-03   5.8282584988E-03   5.9804624628E-04   4.2850997407E-06   9.0739846318E-04
    6     -6.1301889538E-03   2.0367438787E-02  -6.5340071699E-04   3.6893152174E-05  -8.5117027768E-04
    7      2.5342144265E-02   6.8070877293E-03  -1.1723367128E-04   8.7948986792E-05   4.7640984775E-05
    8     -2.7463562860E-03  -7.0953940037E-02   2.4128276181E-04  -1.9938699904E-05   6.2567592473E-04
    9     -2.1038399148E-03  -2.0007370659E-03  -1.7422307875E-04  -4.8667076344E-05  -6.9395871356E-05
   10      1.7767294660E-01  -1.5232624488E-01  -3.5787795997E-04   2.0712736032E-04  -5.7006232531E-04
   11     -1.5232624488E-01   2.7938769318E-01   3.9734565571E-04  -1.9391255375E-04   8.4098652257E-04
   12     -3.5787795997E-04   3.9734565571E-04   8.4300810056E-02  -1.8196480009E-02   5.8235111523E-02
   13      2.0712736032E-04  -1.9391255375E-04  -1.8196480009E-02   1.0098348999E-01  -7.8941015241E-02
   14     -5.7006232531E-04   8.4098652257E-04   5.8235111523E-02  -7.8941015241E-02   3.5335090226E-01
   15     -4.7894956390E-04   2.2459683045E-04   1.2998956253E-02  -1.7203119907E-03   2.3385085757E-02
   16      1.5305995175E-04  -1.5849924136E-05  -1.9538950462E-03   1.4141958947E-02  -7.5276780300E-03
   17      2.3589315270E-05   1.7520455701E-04   3.5993578915E-02  -1.2199283315E-02  -7.3144204082E-02
   18     -1.6286903380E-04   2.4116290253E-04   1.4637529987E-02   1.0154118183E-02  -2.0692932027E-03
   19      2.7891204519E-04   3.0604077719E-05   5.0179865102E-03  -4.3546365889E-02   4.5739711238E-02
   20     -1.0476441937E-04   1.9514938934E-04   1.0355079476E-03   5.8607079888E-02  -1.9454775214E-02
   21     -2.9059899104E-03   2.1833674375E-03  -2.6337365467E-04  -9.4517609535E-04  -1.8471160430E-03
   22      2.1182153164E-03  -1.5363992549E-03   2.9849223164E-04   7.8670902808E-04   5.9136053863E-04
   23     -2.7925273218E-03   3.9851437712E-03  -2.6409168702E-04   4.9830508138E-05   3.1409185166E-03
   24      7.1110505175E-03  -1.9580552448E-04   3.3046042425E-03  -8.9848404811E-05   1.9508004147E-03
   25     -1.8768523527E-02   8.2092794948E-03  -8.6825655103E-04  -4.0756230489E-04   1.5914088761E-04
   26      4.0634952662E-02  -1.8722521873E-02  -6.7056992669E-04   3.3009812631E-04  -8.8519395484E-04
   27      1.2179824664E-03   3.2551692244E-04  -4.5992879774E-03  -1.8798788941E-03  -7.5092043864E-03
   28     -1.3704875577E-03   1.0380479463E-04   9.6839319155E-03   7.4390751417E-03   9.6291361472E-03
   29     -5.5573612425E-04  -3.8673352007E-04  -4.0653762775E-02  -3.4455196177E-03  -3.6246857329E-02
   30      9.9982117105E-03  -1.8522026597E-02   6.4394215696E-04   6.2980443114E-05   8.4046517703E-04
   31     -1.6541575491E-01   1.1326151155E-01   4.2041290216E-04  -3.2197235104E-04   3.6728230931E-04
   32      9.6296150316E-02  -1.8052216429E-01  -7.3470549381E-04   2.2531186419E-04  -1.6696944747E-03
   33      1.0030922396E-03  -9.7002466150E-04  -1.0258036406E-01   1.2304079641E-02  -6.5816625853E-02
   34     -4.1229823849E-04   2.1755648362E-04   7.0965893887E-03  -8.2245429689E-02   3.2634475447E-02
   35      6.6986124133E-04  -1.1147197436E-03  -5.3990030517E-02   3.5916339878E-02  -2.3004606789E-01
   36     -4.1110962286E-04   4.3431405189E-05   1.0339261506E-03   1.9467008101E-03   4.0529258705E-04
   37      1.6118280855E-04   1.9377924034E-04   4.2635131430E-04   1.5947343512E-03   1.2750984025E-05
   38      3.3827340780E-04  -5.6382447253E-04   6.9017465160E-04   6.0768669166E-04   7.2089277032E-04
   39      2.1512149954E-04  -4.3368630266E-04  -6.8229010381E-03  -1.4995061793E-03  -5.1245692169E-03
   40      6.5106068691E-05  -3.0762518407E-04  -2.4397401935E-03   7.6216503780E-04  -2.4987449495E-03
   41     -7.4484940062E-06   2.2972180460E-04  -8.5208563892E-04  -5.8583703775E-04   6.7173744847E-04
   42      3.3177891673E-04  -2.1550436622E-03  -9.0201574486E-05  -1.3227122333E-05  -5.5610167538E-05
   43     -8.4220092498E-03   2.0745359342E-02  -9.4901350175E-05   2.4804079126E-05  -4.6180896572E-05
   44      2.0380561555E-02  -2.0019199419E-02   2.0114983939E-05  -1.3256776632E-05   7.9757721554E-05
                   15                 16                 17                 18                 19        
    0     -7.7819321666E-04   1.1713370861E-04   2.2641273471E-04  -4.6315598632E-04  -2.4614332010E-04
    1      9.6641865841E-04   1.7320199674E-04  -2.5097389506E-04   4.0443634162E-04   1.4045747295E-03
    2     -1.4890833013E-03  -4.7232833221E-06   5.3574153699E-04  -4.2264988065E-04  -9.3585669384E-04
    3     -2.3118264921E-03  -1.2653692178E-04   1.4832540176E-04  -7.0855618809E-04  -9.7410363136E-04
    4      1.3165617869E-03   1.9844787478E-04   5.0985418415E-05   5.3505713958E-04   1.1443841747E-03
    5      6.9375972735E-04   8.8751039029E-05   7.6375140547E-05   4.6281037774E-04   4.3626078865E-04
    6     -1.7562528001E-04  -7.2623220757E-05  -7.4425173998E-05  -7.1882222306E-04  -1.0286099071E-03
    7     -6.1315933680E-04   2.4932931579E-04   3.0217159010E-04   6.8359298920E-05   4.5152477266E-04
    8     -4.8469024174E-04   2.1860360092E-04   3.6570311393E-04   5.9695982297E-05   2.5847427460E-04
    9     -2.2225405107E-04   2.4045099751E-06   6.1653751939E-05  -2.0238892801E-04  -2.3819458194E-04
   10     -4.7894956390E-04   1.5305995175E-04   2.3589315270E-05  -1.6286903380E-04   2.7891204519E-04
   11      2.2459683045E-04  -1.5849924136E-05   1.7520455701E-04   2.4116290253E-04   3.0604077719E-05
   12      1.2998956253E-02  -1.9538950462E-03   3.5993578915E-02   1.4637529987E-02   5.0179865102E-03
   13     -1.7203119907E-03   1.4141958947E-02  -1.2199283315E-02   1.0154118183E-02  -4.3546365889E-02
   14      2.3385085757E-02  -7.5276780300E-03  -7.3144204082E-02  -2.0692932027E-03   4.5739711238E-02
   15      2.1391100773E-01  -8.6881791016E-02  -1.2376672126E-01   7.3709260184E-03   2.7745016080E-02
   16     -8.6881791016E-02   1.2831579630E-01   7.3211246659E-02   3.9995493721E-02  -5.7695764433E-02
   17     -1.2376672126E-01   7.3211246659E-02   1.8222240535E-01   8.5860167442E-03  -2.7284143443E-02
   18      7.3709260184E-03   3.9995493721E-02   8.5860167442E-03   7.4935010313E-02   2.9834587690E-02
   19      2.7745016080E-02  -5.7695764433E-02  -2.7284143443E-02   2.9834587690E-02   3.8435626801E-01
   20      6.2138851425E-03  -3.3031167897E-02   4.1545267551E-03  -2.6376422890E-03  -1.8132922369E-02
   21     -1.6624303846E-02  -7.1894832386E-04   6.9082195924E-04   4.9793084728E-07  -2.2518525870E-03
   22     -5.4222129291E-04   1.8454591628E-03   2.9130377541E-04  -5.8678293517E-04   5.0458349548E-03
   23     -4.3921932986E-03   1.1983919781E-04   2.7636179898E-03  -6.2004676203E-04   6.6684148171E-04
   24      5.6062155897E-03  -4.3354444132E-04  -9.0326981380E-04   3.0453347321E-03   2.3392905893E-03
   25     -2.9172610536E-03   1.0589620824E-04   4.1524300312E-04  -1.1703711131E-03  -2.8097422983E-03
   26      4.6327336880E-03   5.2846051994E-05  -7.2614853911E-04   4.2658379575E-04   1.7734031978E-03
   27     -2.9720619320E-02   1.8709634499E-03   6.1246320327E-03  -8.9400794389E-04  -3.1334445089E-03
   28      2.1526298540E-02   4.0258124625E-03  -5.2457815884E-03  -3.9229449528E-02  -4.0630830518E-02
   29      3.1034708251E-02  -2.9949066108E-03  -4.0306366045E-04   4.7476275300E-04  -7.9823643187E-04
   30      2.2142153563E-05   1.6031988379E-04   1.3320603317E-04   6.2548550447E-04   1.0483374056E-03
   31      1.7146429822E-03  -4.8658485763E-04  -4.5611575233E-04   1.3426810121E-04  -8.8966059280E-04
   32     -6.4857752397E-05  -1.6925317849E-04  -5.0742033112E-04  -5.4220220200E-04  -6.5423015155E-04
   33     -1.9128706835E-01   4.7211641040E-02   7.1361290873E-02  -9.2255943882E-02  -5.2314776002E-02
   34      3.9171744855E-02  -9.2801162610E-02  -2.8976629476E-02  -3.9067254555E-02  -2.4828592001E-01
   35      6.2720295983E-02  -3.0319313131E-02  -1.1684161646E-01  -3.1696976930E-03   8.8610456220E-04
   36      6.9240478749E-04   1.4640022504E-03  -2.3628479557E-04  -6.6008560474E-03  -5.8309389412E-03
   37     -2.4476307600E-04   2.2095126444E-03   1.7918125301E-04  -1.3678786580E-03   5.5611980533E-04
   38      9.8592614520E-04   7.3028517386E-04  -5.5053821606E-04  -1.5805496405E-03  -2.0285902067E-03
   39      7.3363019640E-04  -5.6769407944E-04   1.4851407245E-03   1.3396905265E-03   2.0517624371E-04
   40      1.2651105898E-03  -5.0180876090E-04  -8.0249641644E-06   5.1922627563E-04   6.0549263310E-04
   41      4.7797794072E-04  -5.2205901584E-04   1.8456905350E-03   7.8662742828E-04   6.7470364615E-05
   42     -2.1539217290E-04   1.0279513710E-05   4.2533941087E-05  -1.1074381390E-04  -1.3896414910E-04
   43     -3.8454118934E-04   6.6845796902E-05   9.5265788160E-05  -9.4307818281E-05   1.5172616405E-05
   44     -4.4335673866E-05   1.5344978282E-05   3.3726312180E-05   1.6832744122E-05   4.0597901472E-05
                   20                 21                 22                 23                 24        
    0     -8.0824711865E-05  -1.1859039812E-02   3.1387112907E-02  -4.0592520083E-02  -7.7500696111E-02
    1     -2.2923272983E-04   2.5303160667E-02  -5.1828744433E-03   2.2287500919E-02  -1.6223211281E-02
    2      3.5477965959E-04  -3.9952548270E-02   2.9156678456E-02  -3.1189926019E-02   1.3785590158E-02
    3     -2.2498132654E-04  -6.1065760335E-02   4.2844000690E-02   3.8505892757E-02  -9.4501049634E-02
    4      1.9681834191E-04   3.3881864821E-02  -7.0937479820E-03  -1.1116741070E-02   3.3530060468E-02
    5      2.5759960057E-04   2.0511631966E-02  -4.3221139129E-03   8.0746213101E-03   4.3430327486E-02
    6     -1.7315031030E-04   6.5553741890E-03   1.8213873849E-03   1.4984732940E-03   4.4046586532E-03
    7      9.3112817918E-05  -5.7237589754E-03   2.7555643099E-03   2.6032146977E-03   2.8006331885E-02
    8      1.2466730651E-04  -4.3061221123E-03   1.7133433464E-03   2.7709001737E-03   1.7955924661E-02
    9     -3.1052719008E-05   3.1171728328E-03  -8.5537201661E-05   2.0942278837E-03   2.5607941698E-03
   10     -1.0476441937E-04  -2.9059899104E-03   2.1182153164E-03  -2.7925273218E-03   7.1110505175E-03
   11      1.9514938934E-04   2.1833674375E-03  -1.5363992549E-03   3.9851437712E-03  -1.9580552448E-04
   12      1.0355079476E-03  -2.6337365467E-04   2.9849223164E-04  -2.6409168702E-04   3.3046042425E-03
   13      5.8607079888E-02  -9.4517609535E-04   7.8670902808E-04   4.9830508138E-05  -8.9848404811E-05
   14     -1.9454775214E-02  -1.8471160430E-03   5.9136053863E-04   3.1409185166E-03   1.9508004147E-03
   15      6.2138851425E-03  -1.6624303846E-02  -5.4222129291E-04  -4.3921932986E-03   5.6062155897E-03
   16     -3.3031167897E-02  -7.1894832386E-04   1.8454591628E-03   1.1983919781E-04  -4.3354444132E-04
   17      4.1545267551E-03   6.9082195924E-04   2.9130377541E-04   2.7636179898E-03  -9.0326981380E-04
   18     -2.6376422890E-03   4.9793084728E-07  -5.8678293517E-04  -6.2004676203E-04   3.0453347321E-03
   19     -1.8132922369E-02  -2.2518525870E-03   5.0458349548E-03   6.6684148171E-04   2.3392905893E-03
   20      7.9727126749E-02  -1.2746037482E-03   1.1564338283E-03   1.0947929312E-03   1.5371314948E-04
   21     -1.2746037482E-03   5.1079546730E-01  -1.2758894909E-01  -1.2240222393E-02  -2.2601906925E-01
   22      1.1564338283E-03  -1.2758894909E-01   1.5609564738E-01   6.0787666029E-02   1.0259897563E-02
   23      1.0947929312E-03  -1.2240222393E-02   6.0787666029E-02   2.8859104515E-01  -4.2737410079E-02
   24      1.5371314948E-04  -2.2601906925E-01   1.0259897563E-02  -4.2737410079E-02   5.5532802041E-01
   25      1.7705761512E-04  -9.7013120048E-03  -6.9070817995E-02  -1.5005368388E-02   1.6646568082E-02
   26     -3.6400946932E-04  -6.3022536995E-02  -7.7963835060E-03  -1.1088756467E-01  -5.4124844045E-03
   27     -1.6028307770E-03  -1.2298750945E-01   3.7901000890E-02   3.2445579817E-02  -4.4378719066E-02
   28     -1.0929888117E-02   4.0043861101E-02  -8.2713572180E-02  -3.8151405788E-02   1.1875845209E-02
   29      6.3306620574E-03   5.7651580966E-02  -4.8134075183E-02  -1.4151023061E-01   8.5895994611E-03
   30      2.5300452869E-04  -4.1565841569E-02  -2.2772871371E-02  -1.4997626937E-02  -1.1421528050E-01
   31     -5.1338901409E-05   2.0608993194E-02   7.3787526952E-03   4.8415610483E-03  -6.5868123931E-02
   32     -3.6638340982E-04  -1.1333875098E-02  -4.2169835667E-03  -2.2652487421E-03  -2.1402134198E-02
   33     -1.5785580129E-03  -2.3063646481E-02   1.5415527591E-03   5.0406353957E-03  -1.2761474450E-02
   34      2.6182181649E-03   2.5367847152E-02  -3.5498661774E-03   2.9657685599E-03  -1.3284435055E-03
   35     -7.4018694347E-02   3.5457158104E-02  -2.8392389418E-04  -2.1077838089E-04  -1.7564980994E-03
   36     -2.0369137829E-03  -9.0974494829E-03   2.9695526254E-02   6.6929482964E-03   5.5905191274E-03
   37     -8.2153372212E-04   1.0941836688E-02  -8.9162596516E-03  -7.0295216559E-03  -3.3493322658E-03
   38      4.2852748562E-04   9.2502351219E-03  -2.6252044117E-02  -2.2873256894E-03  -3.4216454482E-03
   39      1.9798738522E-03  -5.8876124787E-03  -1.7501360831E-03   3.0088678480E-02   4.7762832029E-03
   40      3.7265342716E-04   8.8137441419E-04   4.3563522991E-03  -1.8258555287E-02  -8.8337031422E-04
   41      1.5145293397E-03   9.1009030586E-03  -4.3724690132E-04  -2.1815831785E-02  -4.0968762005E-03
   42     -7.8380006926E-06  -2.0349058930E-03  -2.3625400347E-03  -5.1171807781E-04  -1.5240141128E-02
   43      1.3985481645E-05  -7.2528837242E-03  -3.8553967147E-03  -1.9215448961E-03  -2.1494068611E-02
   44      2.1501165703E-05  -8.7928055960E-04  -7.6417367147E-04  -2.5413394280E-04  -5.8685745425E-03
                   25                 26                 27                 28                 29        
    0     -1.0508550099E-02   7.2813207770E-03   2.5947971991E-03  -9.3643114696E-04  -2.9820707170E-03
    1     -1.3977322884E-01   6.1701956435E-02  -3.1556269925E-03   3.0481483304E-03   4.5739449642E-03
    2      7.5508681246E-02  -1.4026706842E-01   8.1019594254E-03  -3.5267845648E-03  -8.0765484787E-03
    3      4.0486379412E-02   4.4867357695E-02   8.6026768925E-04   3.1890245210E-04  -7.4994386614E-03
    4     -1.5298334955E-01  -8.0700361682E-02  -1.3541186958E-03   3.5604508292E-03   3.3888794516E-03
    5     -8.8535865405E-02  -1.6046708744E-01  -2.6210913099E-03   3.0753650000E-05   4.0603823803E-03
    6     -5.5808746057E-03  -3.3215421041E-03  -4.8593507323E-03   1.0368510555E-03   6.2442081365E-04
    7     -1.4804976967E-02  -2.9355287997E-02   7.5408467953E-04  -2.4173029113E-03  -1.7873954821E-03
    8     -1.0642044753E-02  -2.2616851474E-02   9.7666534609E-04  -8.4485318036E-04  -2.4519207504E-03
    9     -1.1500151356E-02   1.5737408494E-02   3.5264941443E-04   6.6264039345E-06  -2.1909030719E-04
   10     -1.8768523527E-02   4.0634952662E-02   1.2179824664E-03  -1.3704875577E-03  -5.5573612425E-04
   11      8.2092794948E-03  -1.8722521873E-02   3.2551692244E-04   1.0380479463E-04  -3.8673352007E-04
   12     -8.6825655103E-04  -6.7056992669E-04  -4.5992879774E-03   9.6839319155E-03  -4.0653762775E-02
   13     -4.0756230489E-04   3.3009812631E-04  -1.8798788941E-03   7.4390751417E-03  -3.4455196177E-03
   14      1.5914088761E-04  -8.8519395484E-04  -7.5092043864E-03   9.6291361472E-03  -3.6246857329E-02
   15     -2.9172610536E-03   4.6327336880E-03  -2.9720619320E-02   2.1526298540E-02   3.1034708251E-02
   16      1.0589620824E-04   5.2846051994E-05   1.8709634499E-03   4.0258124625E-03  -2.9949066108E-03
   17      4.1524300312E-04  -7.2614853911E-04   6.1246320327E-03  -5.2457815884E-03  -4.0306366045E-04
   18     -1.1703711131E-03   4.2658379575E-04  -8.9400794389E-04  -3.9229449528E-02   4.7476275300E-04
   19     -2.8097422983E-03   1.7734031978E-03  -3.1334445089E-03  -4.0630830518E-02  -7.9823643187E-04
   20      1.7705761512E-04  -3.6400946932E-04  -1.6028307770E-03  -1.0929888117E-02   6.3306620574E-03
   21     -9.7013120048E-03  -6.3022536995E-02  -1.2298750945E-01   4.0043861101E-02   5.7651580966E-02
   22     -6.9070817995E-02  -7.7963835060E-03   3.7901000890E-02  -8.2713572180E-02  -4.8134075183E-02
   23     -1.5005368388E-02  -1.1088756467E-01   3.2445579817E-02  -3.8151405788E-02  -1.4151023061E-01
   24      1.6646568082E-02  -5.4124844045E-03  -4.4378719066E-02   1.1875845209E-02   8.5895994611E-03
   25      5.3077242152E-01   4.5306084674E-02   2.1525937190E-02  -1.7191040317E-02  -2.7503523598E-03
   26      4.5306084674E-02   4.8597008042E-01   1.7001111281E-02   2.3968885263E-03   1.5175385965E-02
   27      2.1525937190E-02   1.7001111281E-02   4.8246501268E-01   4.3299890570E-04   4.0253736216E-02
   28     -1.7191040317E-02   2.3968885263E-03   4.3299890570E-04   5.9549722771E-01  -5.3076260960E-02
   29     -2.7503523598E-03   1.5175385965E-02   4.0253736216E-02  -5.3076260960E-02   5.7133672817E-01
   30     -4.7199248532E-02  -1.9944974386E-02   1.6660427984E-03  -3.0184330150E-03  -2.7913513904E-03
   31     -1.3181197612E-01  -2.2042074675E-02  -6.0002821046E-03   6.0047056556E-03   4.9746406495E-03
   32     -1.7347600037E-02  -3.9470658016E-02  -3.0972020584E-03   4.2027857193E-04   2.3380738920E-03
   33      3.0544906146E-03  -1.0796004095E-03  -1.6781957465E-01  -3.5204357042E-02  -3.3594565404E-02
   34      3.3111817022E-03  -4.6498002584E-03  -4.7087474708E-02  -7.9372894031E-02  -5.7846316107E-03
   35      1.2566537173E-03  -4.2535055601E-03  -4.8933232176E-02  -5.3655205869E-03  -7.5702624998E-02
   36      2.4989292930E-03   2.1626138997E-03  -5.2358409000E-02  -1.8487303839E-02  -3.8053977967E-03
   37     -1.9923786060E-04  -1.6404715145E-03  -1.7461512415E-02  -3.1267389605E-01   2.1094578150E-02
   38     -4.2472069183E-04  -2.0479269125E-03  -1.1856807690E-03   2.5563462134E-02  -5.3312719150E-02
   39     -2.7434896961E-03   6.0726027122E-03  -6.0807055721E-02   1.2091293018E-02  -4.6511156612E-02
   40      2.6884711428E-03  -1.4501405333E-03   1.4872433868E-02  -8.2285110152E-02   8.6540623701E-02
   41      2.0671002416E-03  -3.5143618113E-03  -4.0841403099E-02   7.9284859637E-02  -2.8084213697E-01
   42      7.8781088598E-03  -4.8012811359E-03   4.8576408065E-04  -1.8856312776E-04  -5.5411226682E-04
   43      1.0942485202E-02  -5.0519439375E-03   1.5448659682E-03  -9.2028641411E-04  -1.2964863555E-03
   44      2.0969451845E-03   3.0774317584E-03   5.4358100560E-04  -2.3775485450E-04  -3.0839699775E-04
                   30                 31                 32                 33                 34        
    0      5.7432319324E-03  -8.4284033296E-03   1.5917184789E-02   2.6456390044E-03   4.8035947272E-04
    1      5.6992745774E-04  -1.6668705851E-02   3.9501462326E-02  -1.8317918518E-03  -2.2393566846E-03
    2     -6.5792083100E-04   9.6807071515E-03  -2.1225231090E-02   1.5787977085E-03   1.3702459212E-03
    3      4.5986858858E-03  -2.4737306794E-03  -3.3337515586E-04   3.4600391841E-03   2.4928215835E-03
    4      2.2910556045E-02  -1.7060599175E-02  -3.3303031730E-02  -2.2017081241E-03  -2.2660605645E-03
    5      1.6845126278E-02  -1.3835111977E-02  -2.0392400167E-02  -1.8085692571E-03  -9.1025139508E-04
    6     -1.1172793583E-01   5.1799969558E-02   4.5226023753E-02   2.0209962748E-03   1.2983608289E-04
    7      4.8227047617E-02  -1.4493719039E-01  -7.3185529961E-02   2.3389256382E-04  -2.1434612888E-04
    8      5.3625089773E-02  -8.8927214207E-02  -1.4647314219E-01  -2.3710493533E-04  -3.4354241528E-04
    9     -8.0111494082E-02   7.7891596896E-03  -1.2794829495E-02   7.3012195438E-04   2.0404445941E-04
   10      9.9982117105E-03  -1.6541575491E-01   9.6296150316E-02   1.0030922396E-03  -4.1229823849E-04
   11     -1.8522026597E-02   1.1326151155E-01  -1.8052216429E-01  -9.7002466150E-04   2.1755648362E-04
   12      6.4394215696E-04   4.2041290216E-04  -7.3470549381E-04  -1.0258036406E-01   7.0965893887E-03
   13      6.2980443114E-05  -3.2197235104E-04   2.2531186419E-04   1.2304079641E-02  -8.2245429689E-02
   14      8.4046517703E-04   3.6728230931E-04  -1.6696944747E-03  -6.5816625853E-02   3.2634475447E-02
   15      2.2142153563E-05   1.7146429822E-03  -6.4857752397E-05  -1.9128706835E-01   3.9171744855E-02
   16      1.6031988379E-04  -4.8658485763E-04  -1.6925317849E-04   4.7211641040E-02  -9.2801162610E-02
   17      1.3320603317E-04  -4.5611575233E-04  -5.0742033112E-04   7.1361290873E-02  -2.8976629476E-02
   18      6.2548550447E-04   1.3426810121E-04  -5.4220220200E-04  -9.2255943882E-02  -3.9067254555E-02
   19      1.0483374056E-03  -8.8966059280E-04  -6.5423015155E-04  -5.2314776002E-02  -2.4828592001E-01
   20      2.5300452869E-04  -5.1338901409E-05  -3.6638340982E-04  -1.5785580129E-03   2.6182181649E-03
   21     -4.1565841569E-02   2.0608993194E-02  -1.1333875098E-02  -2.3063646481E-02   2.5367847152E-02
   22     -2.2772871371E-02   7.3787526952E-03  -4.2169835667E-03   1.5415527591E-03  -3.5498661774E-03
   23     -1.4997626937E-02   4.8415610483E-03  -2.2652487421E-03   5.0406353957E-03   2.9657685599E-03
   24     -1.1421528050E-01  -6.5868123931E-02  -2.1402134198E-02  -1.2761474450E-02  -1.3284435055E-03
   25     -4.7199248532E-02  -1.3181197612E-01  -1.7347600037E-02   3.0544906146E-03   3.3111817022E-03
   26     -1.9944974386E-02  -2.2042074675E-02  -3.9470658016E-02  -1.0796004095E-03  -4.6498002584E-03
   27      1.6660427984E-03  -6.0002821046E-03  -3.0972020584E-03  -1.6781957465E-01  -4.7087474708E-02
   28     -3.0184330150E-03   6.0047056556E-03   4.2027857193E-04  -3.5204357042E-02  -7.9372894031E-02
   29     -2.7913513904E-03   4.9746406495E-03   2.3380738920E-03  -3.3594565404E-02  -5.7846316107E-03
   30      6.3213820631E-01  -5.2411540668E-02   4.7589594258E-02  -2.0231900357E-03  -6.3677142535E-04
   31     -5.2411540668E-02   5.3419148561E-01  -1.8863926784E-02  -1.5177247959E-03   4.2628347084E-04
   32      4.7589594258E-02  -1.8863926784E-02   4.6658172553E-01   1.6680778183E-03   1.8022371480E-04
   33     -2.0231900357E-03  -1.5177247959E-03   1.6680778183E-03   5.8109492105E-01   3.0773159147E-02
   34     -6.3677142535E-04   4.2628347084E-04   1.8022371480E-04   3.0773159147E-02   5.1843515475E-01
   35     -5.8125932097E-04  -8.1443730445E-04   2.0885660348E-03   3.1753886282E-02   7.5313204766E-03
   36     -1.4372704144E-03   1.6858214473E-03   7.6572281260E-04   2.2066359090E-03  -3.0329507783E-02
   37      1.2688523272E-03  -1.2261405522E-03  -7.1547520834E-04  -1.1596380430E-04  -1.3519153599E-02
   38      1.2734148355E-04  -2.5164707453E-04   1.5018591329E-03  -3.5033691257E-03  -1.1480862676E-02
   39     -8.2605464817E-04   3.1297196247E-04   9.2260956325E-04  -7.5897071082E-04   1.2440407376E-02
   40     -3.6731743838E-04   2.6245418336E-04   1.2543713900E-03  -3.2532480770E-03   2.6641865974E-03
   41      6.0498783085E-04  -6.0922791985E-04  -7.3081296188E-04  -2.9680670084E-03   4.5576941375E-03
   42     -2.9353066966E-01   5.2141268413E-02  -6.1912012589E-02   3.9187923954E-04   1.5475163806E-04
   43      4.2252246820E-02  -6.9445096818E-02   1.0604787352E-02   4.5555251397E-04   6.9681211659E-05
   44     -6.2397674850E-02   1.2698836972E-02  -5.8887068920E-02  -1.5274627513E-05   2.1087970964E-05
                   35                 36                 37                 38                 39        
    0     -2.6282181482E-04  -7.1890319266E-04   3.4203671933E-04  -1.5930286445E-04  -1.0524226757E-03
    1      5.0120247453E-04   4.6902521181E-05  -1.9782001124E-04  -2.3836325166E-04   1.5249024078E-03
    2     -6.2593161935E-04  -9.7221257358E-04   5.5149209608E-04   1.2230067339E-03  -1.9194416799E-03
    3      2.7348891925E-03  -1.8684101076E-03   7.2740040400E-04   1.1603566758E-03  -3.0279150576E-04
    4     -1.9542011124E-03  -2.4935051727E-05  -1.2780815907E-05  -1.6430088709E-04   3.7060913626E-04
    5     -1.3735703271E-03   5.4387792005E-04  -1.4220381807E-04  -4.3678509646E-04  -7.9386158741E-04
    6      4.1994462309E-04  -1.0857254296E-04  -1.7759866222E-03   3.5849843395E-04   1.1486933814E-04
    7     -2.8939953860E-04  -1.0168334486E-03   5.1682513636E-04  -1.7833588976E-04  -3.1768721609E-04
    8     -4.4075850101E-04  -1.0200609441E-03   4.8226448791E-05  -5.2960652777E-04  -5.1144412447E-04
    9      5.2221460399E-06   2.4424043240E-04  -7.1966134927E-05  -2.1288022788E-04   1.1848513216E-05
   10      6.6986124133E-04  -4.1110962286E-04   1.6118280855E-04   3.3827340780E-04   2.1512149954E-04
   11     -1.1147197436E-03   4.3431405189E-05   1.9377924034E-04  -5.6382447253E-04  -4.3368630266E-04
   12     -5.3990030517E-02   1.0339261506E-03   4.2635131430E-04   6.9017465160E-04  -6.8229010381E-03
   13      3.5916339878E-02   1.9467008101E-03   1.5947343512E-03   6.0768669166E-04  -1.4995061793E-03
   14     -2.3004606789E-01   4.0529258705E-04   1.2750984025E-05   7.2089277032E-04  -5.1245692169E-03
   15      6.2720295983E-02   6.9240478749E-04  -2.4476307600E-04   9.8592614520E-04   7.3363019640E-04
   16     -3.0319313131E-02   1.4640022504E-03   2.2095126444E-03   7.3028517386E-04  -5.6769407944E-04
   17     -1.1684161646E-01  -2.3628479557E-04   1.7918125301E-04  -5.5053821606E-04   1.4851407245E-03
   18     -3.1696976930E-03  -6.6008560474E-03  -1.3678786580E-03  -1.5805496405E-03   1.3396905265E-03
   19      8.8610456220E-04  -5.8309389412E-03   5.5611980533E-04  -2.0285902067E-03   2.0517624371E-04
   20     -7.4018694347E-02  -2.0369137829E-03  -8.2153372212E-04   4.2852748562E-04   1.9798738522E-03
   21      3.5457158104E-02  -9.0974494829E-03   1.0941836688E-02   9.2502351219E-03  -5.8876124787E-03
   22     -2.8392389418E-04   2.9695526254E-02  -8.9162596516E-03  -2.6252044117E-02  -1.7501360831E-03
   23     -2.1077838089E-04   6.6929482964E-03  -7.0295216559E-03  -2.2873256894E-03   3.0088678480E-02
   24     -1.7564980994E-03   5.5905191274E-03  -3.3493322658E-03  -3.4216454482E-03   4.7762832029E-03
   25      1.2566537173E-03   2.4989292930E-03  -1.9923786060E-04  -4.2472069183E-04  -2.7434896961E-03
   26     -4.2535055601E-03   2.1626138997E-03  -1.6404715145E-03  -2.0479269125E-03   6.0726027122E-03
   27     -4.8933232176E-02  -5.2358409000E-02  -1.7461512415E-02  -1.1856807690E-03  -6.0807055721E-02
   28     -5.3655205869E-03  -1.8487303839E-02  -3.1267389605E-01   2.5563462134E-02   1.2091293018E-02
   29     -7.5702624998E-02  -3.8053977967E-03   2.1094578150E-02  -5.3312719150E-02  -4.6511156612E-02
   30     -5.8125932097E-04  -1.4372704144E-03   1.2688523272E-03   1.2734148355E-04  -8.2605464817E-04
   31     -8.1443730445E-04   1.6858214473E-03  -1.2261405522E-03  -2.5164707453E-04   3.1297196247E-04
   32      2.0885660348E-03   7.6572281260E-04  -7.1547520834E-04   1.5018591329E-03   9.2260956325E-04
   33      3.1753886282E-02   2.2066359090E-03  -1.1596380430E-04  -3.5033691257E-03  -7.5897071082E-04
   34      7.5313204766E-03  -3.0329507783E-02  -1.3519153599E-02  -1.1480862676E-02   1.2440407376E-02
   35      5.1380327542E-01   4.2550792742E-03   2.5131043971E-03   5.6975261230E-04  -2.8617846925E-02
   36      4.2550792742E-03   6.0088762868E-02   1.2620199501E-02  -5.4716772327E-03   2.3524881316E-03
   37      2.5131043971E-03   1.2620199501E-02   3.3827800061E-01  -1.5022310545E-02  -1.9424457015E-03
   38      5.6975261230E-04  -5.4716772327E-03  -1.5022310545E-02   5.4060266165E-02   2.8777776318E-03
   39     -2.8617846925E-02   2.3524881316E-03  -1.9424457015E-03   2.8777776318E-03   6.7210516583E-02
   40     -1.0368130402E-02   6.3967949233E-03  -6.8013619419E-03   2.8705552151E-02  -1.8177487266E-02
   41     -1.1749421393E-02  -1.2741956304E-03   6.5652980779E-04   1.3115027418E-03   4.0537048114E-02
   42      1.3398215934E-04  -1.9106618647E-05  -8.2901081238E-06   8.6664404722E-05  -8.1517713321E-05
   43      1.6946617876E-04  -2.4278648115E-04   2.3027512883E-04   1.0232837522E-04  -1.6276363990E-04
   44     -8.3904845327E-05  -5.4092679232E-05   1.1546149316E-04  -8.7081577078E-05  -4.8250589938E-05
                   40                 41                 42                 43                 44        
    0      5.2467682942E-04  -1.1846533190E-03   1.7020635125E-03   1.6626716114E-03   3.3367293972E-04
    1     -1.2551049149E-03  -4.3638115147E-04  -8.4987159649E-04  -1.4707025180E-05  -1.2267015920E-03
    2      2.8803113201E-04   2.8228931751E-03   1.2090629767E-03   1.8888711869E-04   8.5600695571E-04
    3     -1.2871213495E-04   4.7886650590E-04   2.2549782940E-03   1.2713247681E-03   3.0370358229E-04
    4     -3.6525605519E-04  -3.0795976497E-04  -9.0804720840E-04   5.9477226017E-04   7.2504679752E-04
    5      3.4168113687E-04   2.2228916126E-04  -3.0638594001E-04   9.1879953559E-04   3.9483106998E-04
    6      7.2338711763E-04  -8.6504170468E-04  -9.8122952471E-03   2.6448404291E-02   3.3908539289E-02
    7     -2.6255515395E-04   1.2931112121E-05   9.1811723967E-03  -5.9168693222E-03  -1.7406763673E-02
    8     -6.5499990873E-04   5.3077141439E-04   8.5885012403E-03  -8.2988192922E-03  -3.8714291672E-03
    9     -1.3651835201E-05   4.5327710551E-05   8.8715051664E-03   2.1396597071E-02  -2.6022272664E-02
   10      6.5106068691E-05  -7.4484940062E-06   3.3177891673E-04  -8.4220092498E-03   2.0380561555E-02
   11     -3.0762518407E-04   2.2972180460E-04  -2.1550436622E-03   2.0745359342E-02  -2.0019199419E-02
   12     -2.4397401935E-03  -8.5208563892E-04  -9.0201574486E-05  -9.4901350175E-05   2.0114983939E-05
   13      7.6216503780E-04  -5.8583703775E-04  -1.3227122333E-05   2.4804079126E-05  -1.3256776632E-05
