
$orca_hessian_file

$act_atom
  0

$act_coord
  0

$act_energy
        0.000000

$multiplicity
  1

$hessian
45
                    0                  1                  2                  3                  4        
    0      7.4227105588E-02  -4.8241584269E-03  -2.5378983684E-03   1.1376740994E-02  -4.7559041425E-03
    1     -4.8241584269E-03   2.5955329742E-01  -1.4071455225E-01  -2.0452259729E-03   1.3030922695E-02
    2     -2.5378983684E-03  -1.4071455225E-01   1.7824729260E-01   1.0635866991E-02   3.6017537298E-02
    3      1.1376740994E-02  -2.0452259729E-03   1.0635866991E-02   8.3958006208E-02  -2.8052520627E-02
    4     -4.7559041425E-03   1.3030922695E-02   3.6017537298E-02  -2.8052520627E-02   1.0624672236E-01
    5      1.0912061095E-02   1.8008282049E-02  -6.7480995590E-02  -5.9671232299E-02   9.1487314184E-02
    6     -3.5992261233E-03  -7.0419946771E-03  -1.3730032500E-04   5.4526680103E-04   5.4117159338E-04
    7     -7.0546378290E-03  -8.1544983857E-03  -2.8357349766E-04   1.2212070357E-04   3.3416400169E-03
    8      1.1913301780E-03  -7.4168559712E-04   2.1703895401E-03   4.0755505238E-05   6.8542812974E-04
    9      1.7909442901E-03  -3.0885600017E-03   3.8920049308E-04   3.9026417454E-03  -2.5245077161E-03
   10     -2.1705268476E-03   4.3103011827E-03  -2.2900297815E-03  -1.1874298873E-03   2.6899618894E-03
   11      7.1609991720E-04  -1.4393544921E-03   1.4433107647E-03  -1.6505846132E-04   2.2407287430E-03
   12     -4.7948664548E-04   4.5489917594E-04  -3.0370416009E-04  -9.2826581814E-04   2.5371491251E-04
   13      1.4642547250E-04   1.8022335498E-04  -8.2720240249E-05   7.3717414667E-05   1.2485758854E-04
   14      3.4138296688E-04  -1.0421328477E-03   1.3513746866E-03   6.2735939962E-04   2.8652158983E-04
   15     -6.7110573340E-04   1.6552314065E-03  -8.0523249243E-04  -1.1624906641E-03   1.0773614402E-03
   16     -7.2676899374E-05   2.4338054768E-04  -4.2292234807E-05  -1.1581745229E-04   1.8866922453E-04
   17     -3.5606817148E-05  -2.1110449773E-04   2.5880016807E-04  -8.7641295875E-05   7.5268154571E-05
   18     -9.2798789934E-04   2.5001212642E-04  -4.3975839251E-04  -7.6185491757E-04   6.9082455280E-05
   19      6.6059478727E-04   8.4440713303E-04  -1.9667681037E-04   5.7913705877E-04   3.0687671869E-04
   20      1.1674138403E-04  -2.4461388936E-04   2.7827397576E-04  -6.8293059768E-05   2.4641529387E-05
   21     -9.8328476036E-03   4.0677256704E-02  -1.8385665403E-02  -2.4199492049E-02   3.0217612582E-02
   22      4.4057766851E-02  -3.9345988309E-02   2.0413618256E-02   2.9919538203E-02  -8.2249040949E-03
   23     -2.3501890088E-02   2.5342657626E-02   2.1971568000E-03   4.4498247110E-02  -2.9110765633E-02
   24     -8.1336794609E-02  -2.5558214230E-02   8.9432938284E-03  -8.3274967918E-02   1.5759493750E-03
   25     -1.5629387059E-02  -1.9724414348E-01   7.5291233550E-02   6.5752309333E-03  -1.0205643659E-01
   26      1.4774851839E-03   7.2381401705E-02  -1.1687006855E-01   2.0854154083E-02  -6.7917102158E-02
   27      3.8755356270E-03  -9.6881176174E-03   3.3315321055E-03   5.1509471651E-03  -5.6691039008E-03
   28      2.0995136263E-03  -6.4846084771E-03   2.7504598260E-03   3.2286551246E-03  -4.0629387909E-03
   29      8.8051368079E-04  -3.3004600676E-03   1.2944720722E-03   2.1463478456E-03  -8.8125078540E-04
   30      4.6902266097E-03   6.1702644326E-03  -2.5647999056E-03   6.5873510564E-03   9.7371118187E-03
   31     -1.4240202003E-02  -3.2017886072E-02   8.8850004674E-03  -5.5245722857E-03  -9.9399215079E-03
   32      1.2717942625E-02   3.0312249231E-02  -1.5961753668E-03  -1.7498605488E-02  -3.2957959125E-02
   33      2.8333722098E-03  -1.8998639503E-03   1.7574262146E-03   3.5603812089E-03  -8.2108334483E-04
   34     -2.2025383051E-05   7.7579411337E-05  -7.9434708665E-05  -3.4560954938E-04   8.7109409154E-05
   35     -7.3229093002E-04   1.6377744093E-03  -2.0201025211E-03  -3.3923517269E-05  -2.4527965007E-06
   36     -6.4410029502E-04   3.5550808399E-03  -1.6315619979E-03  -6.3503519856E-04   1.0302274898E-03
   37      1.5408534396E-03   2.7646233276E-03  -5.0336111411E-04  -1.3704241251E-04   8.2769645859E-04
   38     -5.5404055275E-04   4.0989570901E-04  -1.0974932195E-03  -4.6862801859E-04  -3.1054090355E-04
   39     -7.5764277002E-04   9.9797150714E-04   9.4078763367E-05  -1.0613377722E-03   1.3780278007E-03
   40      2.0335791747E-04   1.0627805255E-03  -2.8828326191E-04  -3.8151766606E-04   4.4284723056E-04
   41     -3.7006976826E-04   5.0537223593E-04   7.1730653734E-05   5.5192688994E-04   1.1055916570E-03
   42     -5.4473363858E-04   3.4991439200E-04   1.6879130636E-03  -3.0578908418E-03  -4.0682071767E-03
   43      9.6510787790E-05   1.1796091301E-03   1.4613180116E-03  -2.6975961443E-03  -3.0031026000E-03
   44     -6.5515092036E-04  -1.2419728416E-03   1.7520339885E-03  -1.3040045596E-03  -7.8258190229E-04
                    5                  6                  7                  8                  9        
    0      1.0912061095E-02  -3.5992261233E-03  -7.0546378290E-03   1.1913301780E-03   1.7909442901E-03
    1      1.8008282049E-02  -7.0419946771E-03  -8.1544983857E-03  -7.4168559712E-04  -3.0885600017E-03
    2     -6.7480995590E-02  -1.3730032500E-04  -2.8357349766E-04   2.1703895401E-03   3.8920049308E-04
    3     -5.9671232299E-02   5.4526680103E-04   1.2212070357E-04   4.0755505238E-05   3.9026417454E-03
    4      9.1487314184E-02   5.4117159338E-04   3.3416400169E-03   6.8542812974E-04  -2.5245077161E-03
    5      3.3087276475E-01  -1.2084562841E-03  -1.8161659576E-03   7.0506118100E-03  -1.6968249692E-03
    6     -1.2084562841E-03   6.8652931485E-02   1.6309940712E-02  -1.4969053135E-02   8.2514598913E-04
    7     -1.8161659576E-03   1.6309940712E-02   2.6248639409E-01  -1.7277922860E-01   2.9090470402E-02
    8      7.0506118100E-03  -1.4969053135E-02  -1.7277922860E-01   2.0044245178E-01  -2.0417272403E-02
    9     -1.6968249692E-03   8.2514598913E-04   2.9090470402E-02  -2.0417272403E-02   3.3068597446E-01
   10      2.3915389431E-03   3.9126223693E-02  -3.6052712092E-02   2.0897642838E-02  -1.4303779049E-01
   11      4.3077188008E-03  -2.7887772340E-02   2.4552930882E-02   3.9578116350E-03  -1.2062927086E-03
   12      1.4809698555E-04  -1.9875455746E-04  -2.5208803990E-04   6.8196551643E-05  -4.7508983662E-04
   13      1.1643387739E-04   4.3574924952E-05   2.5089487232E-04  -8.7229551896E-05   9.5043829266E-05
   14      1.0494489962E-03   1.2945801151E-04  -1.9882867006E-05   3.8728758407E-04   4.8957660621E-04
   15      1.3935627090E-03  -4.2593964992E-04  -5.4923963135E-04   2.2368786777E-04  -1.6187804983E-03
   16      1.3803353258E-04  -4.6373198946E-05   1.7739102850E-04  -6.6780298434E-05  -1.0168552387E-04
   17      2.5727429838E-04  -1.6501187013E-05   1.1532406959E-06   1.0089760030E-04   5.3433248733E-05
   18      3.3317208169E-04  -2.4508552570E-04  -2.8755823334E-04   7.4979637074E-05  -4.9008823154E-04
   19     -7.2404888330E-05   1.3600421137E-04   9.0636904408E-04  -4.5749353079E-04   3.8667927271E-04
   20      2.4566310609E-04   2.4364184829E-05  -1.4229525802E-04   1.9922904149E-04   6.3348436345E-05
   21      3.5041048444E-02  -1.2664663686E-03  -3.7674685262E-03   1.3605757513E-03  -1.1941886344E-02
   22     -2.0923868828E-02  -1.2529099310E-03   1.6109368512E-03  -1.0648025119E-03  -7.1854634007E-03
   23     -1.2509574885E-02  -4.9857435111E-04  -2.2412064179E-03   2.3477711594E-03  -4.4504041800E-03
   24      1.0998952068E-02   2.7941317600E-03   5.3086245165E-04  -2.2402214019E-03  -4.3282063863E-02
   25     -7.1722146827E-02  -1.6350692152E-02  -3.2561910842E-02   7.0941344130E-03   3.0832167992E-02
   26     -2.2263865576E-01   2.0570659722E-02   3.4123472749E-02  -6.5344205459E-03   3.6439339698E-03
   27     -7.2642139373E-03   1.5683688320E-03   2.5698222318E-04   1.4056792644E-04   1.4013668356E-03
   28     -3.5569727202E-03   4.2477662771E-04   1.1014955881E-03  -2.3985924650E-04   3.0636079550E-03
   29     -2.5590260395E-03   5.5572385715E-04   1.7477913777E-04  -4.1684477858E-04   1.8242776231E-03
   30      1.3238311094E-02  -7.6597172834E-02  -3.4988625014E-02   2.9284361667E-02  -2.6163995951E-01
   31     -1.2554536178E-02  -2.5503160964E-02  -1.9381957537E-01   1.0603254178E-01   7.9193012282E-02
   32     -3.9587806162E-02   1.9665175681E-02   1.0981088713E-01  -1.8321724290E-01   2.0625619564E-02
   33     -1.2967645434E-03   9.5686674989E-04   1.0571862791E-03  -2.8723934493E-04   2.1228414047E-03
   34      2.7100157826E-04  -1.7358415805E-04  -1.6023796707E-03   7.3106097365E-04  -1.1883399096E-03
   35     -5.1332038137E-04  -2.0805522700E-04  -7.6808526486E-05  -5.9443954094E-04  -1.2563865721E-03
   36      3.3454534013E-04  -1.2326279580E-04   3.6391145277E-04  -1.8175811730E-04  -3.9730030478E-04
   37      6.3253336561E-04  -1.9484794427E-04   9.2176492405E-05  -9.2216191551E-05  -3.5808207508E-04
   38     -3.9488858823E-04   2.9844981193E-05   1.0915102441E-04  -3.0135776209E-05  -6.5613464685E-05
   39      3.0745247751E-03  -1.8807918269E-04  -3.4082654764E-04   1.8931154571E-04  -5.9892344913E-04
   40      6.2761027272E-04  -5.9374743650E-05  -2.1189058170E-04   1.3710476907E-04  -2.5377629363E-04
   41      1.8343433138E-03  -1.0128820479E-04  -1.5635600295E-04   1.1283757235E-04  -3.1929686186E-04
   42     -4.3940536833E-03   7.3012754198E-03  -5.2743919902E-04   5.5606347154E-03  -2.0284822693E-02
   43     -2.9870303850E-03  -5.9223451968E-03   2.4356689629E-03   4.0006704254E-02   1.5305385295E-02
   44      6.6442331895E-05   4.0129176745E-03   8.6878213493E-03  -2.5976204185E-02   2.3075985939E-03
                   10                 11                 12                 13                 14        
    0     -2.1705268476E-03   7.1609991720E-04  -4.7948664548E-04   1.4642547250E-04   3.4138296688E-04
    1      4.3103011827E-03  -1.4393544921E-03   4.5489917594E-04   1.8022335498E-04  -1.0421328477E-03
    2     -2.2900297815E-03   1.4433107647E-03  -3.0370416009E-04  -8.2720240249E-05   1.3513746866E-03
    3     -1.1874298873E-03  -1.6505846132E-04  -9.2826581814E-04   7.3717414667E-05   6.2735939962E-04
    4      2.6899618894E-03   2.2407287430E-03   2.5371491251E-04   1.2485758854E-04   2.8652158983E-04
    5      2.3915389431E-03   4.3077188008E-03   1.4809698555E-04   1.1643387739E-04   1.0494489962E-03
    6      3.9126223693E-02  -2.7887772340E-02  -1.9875455746E-04   4.3574924952E-05   1.2945801151E-04
    7     -3.6052712092E-02   2.4552930882E-02  -2.5208803990E-04   2.5089487232E-04  -1.9882867006E-05
    8      2.0897642838E-02   3.9578116350E-03   6.8196551643E-05  -8.7229551896E-05   3.8728758407E-04
    9     -1.4303779049E-01  -1.2062927086E-03  -4.7508983662E-04   9.5043829266E-05   4.8957660621E-04
   10      1.4148054006E-01  -5.3349575643E-03   1.2003620157E-05   1.2260611425E-04   9.2560438582E-05
   11     -5.3349575643E-03   5.9132800601E-02  -4.1621625551E-05   4.7065901747E-05   2.9651435435E-04
   12      1.2003620157E-05  -4.1621625551E-05   7.1199842582E-02   1.6734553075E-03  -3.5201933814E-03
   13      1.2260611425E-04   4.7065901747E-05   1.6734553075E-03   7.7881658484E-02  -1.0842805257E-02
   14      9.2560438582E-05   2.9651435435E-04  -3.5201933814E-03  -1.0842805257E-02   4.0962780647E-01
   15      1.9048921466E-06  -2.0112824384E-04  -8.0777327711E-04  -8.5022993599E-03  -3.2812535147E-02
   16      1.4680981251E-04   3.5425370444E-05  -1.0370255953E-02   6.2657289888E-03  -2.0322399635E-02
   17      7.1511623941E-05   8.2983059170E-05  -4.8139844849E-02  -2.6398481717E-02  -4.4805010385E-02
   18     -1.8699768280E-05  -5.2161482214E-05   1.3578513194E-02  -2.8877606260E-04  -3.5780585220E-03
   19      3.5371410146E-04   7.0588362581E-05   1.4211233660E-03  -1.4955285475E-02   4.1236058343E-02
   20     -1.1360153168E-05   7.7908659706E-05  -7.0617980003E-03   5.7805142257E-02  -3.9932028214E-02
   21     -3.5968859930E-03  -2.7088320130E-03   9.0075668946E-04   1.5434349352E-03   2.1867690266E-03
   22      1.0769863734E-04  -1.2500744648E-03   7.1125764954E-04   7.8232772842E-04   5.3434929406E-04
   23     -1.1826136269E-03   1.9065197208E-05   5.8791184652E-04   6.6679917026E-04   4.3718710274E-03
   24     -4.1729884930E-03  -1.1388344575E-02   2.7758524852E-03  -3.2202768629E-04  -1.7643856383E-03
   25      2.6212231585E-03   5.2351790888E-03  -9.6925759770E-04   3.0883402363E-05   2.0361389979E-03
   26      3.3071691696E-03   1.1065329515E-03   4.0383110673E-04   1.6427762824E-04  -2.4563104778E-03
   27     -7.5972870453E-04  -3.7375285512E-04   3.2687410854E-03   1.0877451511E-03  -6.9366542040E-04
   28      2.9208380700E-04   5.6382687742E-04   4.6192962350E-04   6.3226624922E-03  -1.5822418330E-03
   29      5.6086361694E-05   3.2236649376E-04   3.2956299213E-02  -1.6961782769E-02  -4.2828884129E-02
   30      9.0331598948E-02   1.3274853811E-02   7.0755050067E-04  -3.7832980141E-05  -2.1605910935E-04
   31     -1.1039424974E-01  -1.0737279756E-02   4.3401567936E-04  -5.4600136647E-04  -5.9065449221E-04
   32     -1.6168170013E-02  -7.9446483581E-02   7.5861063874E-05  -5.9126434293E-05  -1.0672431708E-03
   33     -4.7047182144E-05   1.9738567680E-04  -8.4663860638E-02   3.6315080156E-03   3.3026375313E-02
   34     -7.6292832323E-04  -3.5360622225E-04   4.4788980769E-03  -7.8215907881E-02  -6.7465909661E-03
   35     -2.6579775869E-04  -6.0391876744E-04   2.3220574306E-02  -3.6995808307E-03  -2.8648992763E-01
   36      1.7699864560E-04  -1.0017597879E-05   6.2446331892E-04  -2.1834940089E-03  -1.5187010814E-04
   37      9.5323518228E-05  -3.9682386049E-05  -5.9918862863E-04   1.9459531763E-03  -1.6162945926E-04
   38      2.4355488492E-05  -1.8139117531E-05  -3.7353636290E-04   6.1162771441E-04   6.6334990104E-04
   39      3.9536877956E-06   3.5543134769E-05  -5.4845874136E-03   3.0060641423E-03   5.7941795778E-03
   40     -2.9417199304E-05   8.4919410682E-06   2.3133757130E-03  -2.1160944888E-04  -3.0100802530E-03
   41      4.6580018435E-06   1.6803165804E-05   1.9640780888E-03  -1.3282110358E-03  -2.9365903719E-04
   42      2.5110252257E-02   2.9826201987E-02  -1.7901668758E-05   3.4673231501E-05   1.4042448948E-04
   43     -4.9809549305E-03  -1.3598040683E-02  -2.5095232217E-05   2.1007969315E-05   1.5345298488E-04
   44     -1.5938355662E-03   9.3047257830E-03   1.7091153901E-05   2.7927248568E-05   1.2541002177E-04
                   15                 16                 17                 18                 19        
    0     -6.7110573340E-04  -7.2676899374E-05  -3.5606817148E-05  -9.2798789934E-04   6.6059478727E-04
    1      1.6552314065E-03   2.4338054768E-04  -2.1110449773E-04   2.5001212642E-04   8.4440713303E-04
    2     -8.0523249243E-04  -4.2292234807E-05   2.5880016807E-04  -4.3975839251E-04  -1.9667681037E-04
    3     -1.1624906641E-03  -1.1581745229E-04  -8.7641295875E-05  -7.6185491757E-04   5.7913705877E-04
    4      1.0773614402E-03   1.8866922453E-04   7.5268154571E-05   6.9082455280E-05   3.0687671869E-04
    5      1.3935627090E-03   1.3803353258E-04   2.5727429838E-04   3.3317208169E-04  -7.2404888330E-05
    6     -4.2593964992E-04  -4.6373198946E-05  -1.6501187013E-05  -2.4508552570E-04   1.3600421137E-04
    7     -5.4923963135E-04   1.7739102850E-04   1.1532406959E-06  -2.8755823334E-04   9.0636904408E-04
    8      2.2368786777E-04  -6.6780298434E-05   1.0089760030E-04   7.4979637074E-05  -4.5749353079E-04
    9     -1.6187804983E-03  -1.0168552387E-04   5.3433248733E-05  -4.9008823154E-04   3.8667927271E-04
   10      1.9048921466E-06   1.4680981251E-04   7.1511623941E-05  -1.8699768280E-05   3.5371410146E-04
   11     -2.0112824384E-04   3.5425370444E-05   8.2983059170E-05  -5.2161482214E-05   7.0588362581E-05
   12     -8.0777327711E-04  -1.0370255953E-02  -4.8139844849E-02   1.3578513194E-02   1.4211233660E-03
   13     -8.5022993599E-03   6.2657289888E-03  -2.6398481717E-02  -2.8877606260E-04  -1.4955285475E-02
   14     -3.2812535147E-02  -2.0322399635E-02  -4.4805010385E-02  -3.5780585220E-03   4.1236058343E-02
   15      2.8210463283E-01   1.3085086210E-01   8.8768777817E-02   4.5019265993E-03  -3.1056307150E-02
   16      1.3085086210E-01   1.5421192951E-01   5.2428863101E-02  -4.6554071807E-02  -5.7923241847E-02
   17      8.8768777817E-02   5.2428863101E-02   1.1088849956E-01   3.0248732655E-03  -2.4915706897E-03
   18      4.5019265993E-03  -4.6554071807E-02   3.0248732655E-03   7.3654857898E-02  -2.8797371537E-02
   19     -3.1056307150E-02  -5.7923241847E-02  -2.4915706897E-03  -2.8797371537E-02   3.8387739431E-01
   20      1.2838669734E-03  -7.6355223904E-03   1.4095998692E-02   1.0385335956E-02  -8.7833629938E-02
   21     -1.4289112652E-02   2.0228281443E-03   2.4833826715E-03   7.8550618888E-04   2.1811162618E-03
   22      6.5895521515E-03   1.7190512034E-03  -6.9999753706E-04   1.1920999235E-04   3.0687521795E-03
   23      2.7039811198E-03  -1.6560435888E-04   1.4799697147E-03  -8.4988144636E-05   3.7942770519E-04
   24      3.8308300245E-03   3.6330869215E-04   1.5496673249E-04   3.0741604132E-03  -1.6236534291E-03
   25     -7.0972053174E-03  -3.7004491496E-05   6.9567300288E-04  -1.8953194725E-04  -4.6532784072E-05
   26     -9.4785485598E-04   2.6967384827E-05  -9.9746490146E-05  -4.8400695633E-05   6.7493102850E-04
   27     -3.6760467634E-02  -1.6238125947E-03   1.4359264542E-03   1.2871643091E-03   3.4562802269E-03
   28     -2.6376144938E-02   5.0409141931E-03   1.0968946616E-04   3.4413588117E-02  -4.1280756791E-02
   29     -1.7709390265E-02  -1.6407039810E-03   6.8589961069E-03  -8.1417561111E-03   1.1108637865E-02
   30      1.3573288741E-03   2.6671984490E-04   1.4442130283E-04   7.1921438638E-04  -3.0083832366E-04
   31      1.8103439518E-03  -4.5021127066E-04  -2.6854692396E-04   4.9406193997E-04  -1.7910844235E-03
   32      3.4210882492E-04  -2.4809962586E-05  -3.1691840890E-04   1.6692653177E-04   1.9660339331E-04
   33     -2.3675135712E-01  -7.3252129352E-02  -4.7031347118E-02  -8.9917532563E-02   4.7637995802E-02
   34     -6.7364845864E-02  -1.1136421681E-01  -2.4000437058E-02   3.9412059382E-02  -2.7358155816E-01
   35     -4.1493837411E-02  -2.3194797894E-02  -9.0601109232E-02  -4.0482719451E-03   4.0569823975E-02
   36      3.7911401314E-04  -1.5253576198E-03   5.9062403782E-04  -5.6778607985E-03   5.6390972084E-03
   37     -1.4615862436E-04   2.1934790791E-03  -6.9614942293E-04   2.0603620198E-03  -6.9234209432E-04
   38     -1.1549854543E-03   4.8167995295E-04  -5.1425195730E-04   2.6117285852E-03  -3.1475217756E-03
   39      3.5378845522E-04   1.8009514389E-04  -1.5191708413E-03   4.5733734359E-04  -5.1117900988E-04
   40     -8.3172706709E-04  -4.3040413502E-04   1.2399979371E-03  -5.3487926382E-04   8.5054796767E-04
   41      5.1640908839E-04   5.3495667904E-05   2.2650000670E-03  -2.4993205906E-04  -5.2375484946E-05
   42     -4.0593569418E-05   2.4916901811E-05   3.7541552183E-05  -3.8270395806E-05   7.6941249177E-05
   43     -1.0787841633E-04   1.7724971906E-05   3.6529257294E-05  -3.3107408292E-05   6.2740128804E-05
   44      2.8734496210E-05   3.6047807159E-05   4.8617208855E-05   1.0111411858E-05   3.3874365160E-05
                   20                 21                 22                 23                 24        
    0      1.1674138403E-04  -9.8328476036E-03   4.4057766851E-02  -2.3501890088E-02  -8.1336794609E-02
    1     -2.4461388936E-04   4.0677256704E-02  -3.9345988309E-02   2.5342657626E-02  -2.5558214230E-02
    2      2.7827397576E-04  -1.8385665403E-02   2.0413618256E-02   2.1971568000E-03   8.9432938284E-03
    3     -6.8293059768E-05  -2.4199492049E-02   2.9919538203E-02   4.4498247110E-02  -8.3274967918E-02
    4      2.4641529387E-05   3.0217612582E-02  -8.2249040949E-03  -2.9110765633E-02   1.5759493750E-03
    5      2.4566310609E-04   3.5041048444E-02  -2.0923868828E-02  -1.2509574885E-02   1.0998952068E-02
    6      2.4364184829E-05  -1.2664663686E-03  -1.2529099310E-03  -4.9857435111E-04   2.7941317600E-03
    7     -1.4229525802E-04  -3.7674685262E-03   1.6109368512E-03  -2.2412064179E-03   5.3086245165E-04
    8      1.9922904149E-04   1.3605757513E-03  -1.0648025119E-03   2.3477711594E-03  -2.2402214019E-03
    9      6.3348436345E-05  -1.1941886344E-02  -7.1854634007E-03  -4.4504041800E-03  -4.3282063863E-02
   10     -1.1360153168E-05  -3.5968859930E-03   1.0769863734E-04  -1.1826136269E-03  -4.1729884930E-03
   11      7.7908659706E-05  -2.7088320130E-03  -1.2500744648E-03   1.9065197208E-05  -1.1388344575E-02
   12     -7.0617980003E-03   9.0075668946E-04   7.1125764954E-04   5.8791184652E-04   2.7758524852E-03
   13      5.7805142257E-02   1.5434349352E-03   7.8232772842E-04   6.6679917026E-04  -3.2202768629E-04
   14     -3.9932028214E-02   2.1867690266E-03   5.3434929406E-04   4.3718710274E-03  -1.7643856383E-03
   15      1.2838669734E-03  -1.4289112652E-02   6.5895521515E-03   2.7039811198E-03   3.8308300245E-03
   16     -7.6355223904E-03   2.0228281443E-03   1.7190512034E-03  -1.6560435888E-04   3.6330869215E-04
   17      1.4095998692E-02   2.4833826715E-03  -6.9999753706E-04   1.4799697147E-03   1.5496673249E-04
   18      1.0385335956E-02   7.8550618888E-04   1.1920999235E-04  -8.4988144636E-05   3.0741604132E-03
   19     -8.7833629938E-02   2.1811162618E-03   3.0687521795E-03   3.7942770519E-04  -1.6236534291E-03
   20      1.0197297642E-01   1.1018731650E-03  -2.5536259201E-04   6.4949750838E-04  -1.2867561002E-04
   21      1.1018731650E-03   5.2794655718E-01  -3.2827846133E-02   6.4694792560E-02  -2.3551612376E-01
   22     -2.5536259201E-04  -3.2827846133E-02   3.0437039715E-01   6.6852677526E-02   4.2418305122E-02
   23      6.4949750838E-04   6.4694792560E-02   6.6852677526E-02   1.5515019419E-01  -1.6591298697E-02
   24     -1.2867561002E-04  -2.3551612376E-01   4.2418305122E-02  -1.6591298697E-02   6.1405185997E-01
   25      3.8478697337E-04   5.5930959414E-02  -1.3100170438E-01  -1.2175705249E-02   4.2494118432E-02
   26     -4.0878912647E-04  -7.4306374200E-03  -1.7980883000E-02  -7.3304325613E-02   3.4912348530E-02
   27      1.8313345825E-03  -1.4300533010E-01  -3.4889784428E-02  -3.3314478507E-02  -6.4332615871E-02
   28     -6.4618863249E-03  -6.1170973468E-02  -1.3104084457E-01  -3.8841109033E-02   1.5320416832E-03
   29      8.4399353057E-03  -4.2044400396E-02  -3.2497964979E-02  -8.3432398370E-02  -6.6510705310E-03
   30      5.5075365743E-07  -3.2010878136E-02  -9.6029879692E-03  -8.8774594445E-03  -1.2711683651E-01
   31      8.9195572624E-05   2.3209289690E-02   9.9156866289E-03   7.8437344555E-03  -6.8904364692E-02
   32     -3.8900104896E-04  -1.3627684556E-04   2.1598277928E-03   3.1617022162E-03  -2.5472185341E-02
   33     -7.5501339708E-03  -3.1222663486E-02   1.9152538064E-03   3.4001490239E-03  -1.1868555638E-02
   34      4.4309485764E-02  -3.0832155507E-02   4.9819052395E-03   4.1836004249E-03  -5.9771931836E-04
   35     -8.7607805309E-02  -2.1836319252E-02   5.9574791011E-03  -5.8564302469E-04  -1.2193832203E-05
   36      2.0887326784E-03  -1.1172131535E-02  -3.4049420492E-02   3.4330310382E-03   4.6968502308E-03
   37     -1.0231386685E-03  -1.2242683724E-02  -1.6471451953E-02  -2.8564082906E-04   3.8928846193E-03
   38      4.3822738805E-04  -1.9085124563E-03  -1.5898270123E-02   5.1087088173E-03   1.1008987486E-03
   39     -2.0855489626E-03  -1.5363888258E-02  -6.0188173532E-03  -3.3096463742E-02   5.9677085470E-03
   40      9.4907211463E-04  -1.0426260998E-02  -7.1996061218E-04  -2.2344659041E-02   2.8652002459E-03
   41      1.8981992857E-03  -1.2251637727E-02  -5.6760041209E-03  -5.5085535565E-03   3.3764340817E-03
   42      3.4501372635E-05   1.8800023116E-04   8.6457879294E-05   1.0526134513E-03   9.5365647424E-03
   43      2.7213083951E-05  -9.0833532981E-04   2.4809830150E-04   1.0353407312E-03   5.4306422457E-03
   44      4.1714314043E-05  -1.2132910096E-04   3.7234273651E-04   8.5455882175E-04   4.7315752814E-03
                   25                 26                 27                 28                 29        
    0     -1.5629387059E-02   1.4774851839E-03   3.8755356270E-03   2.0995136263E-03   8.8051368079E-04
    1     -1.9724414348E-01   7.2381401705E-02  -9.6881176174E-03  -6.4846084771E-03  -3.3004600676E-03
    2      7.5291233550E-02  -1.1687006855E-01   3.3315321055E-03   2.7504598260E-03   1.2944720722E-03
    3      6.5752309333E-03   2.0854154083E-02   5.1509471651E-03   3.2286551246E-03   2.1463478456E-03
    4     -1.0205643659E-01  -6.7917102158E-02  -5.6691039008E-03  -4.0629387909E-03  -8.8125078540E-04
    5     -7.1722146827E-02  -2.2263865576E-01  -7.2642139373E-03  -3.5569727202E-03  -2.5590260395E-03
    6     -1.6350692152E-02   2.0570659722E-02   1.5683688320E-03   4.2477662771E-04   5.5572385715E-04
    7     -3.2561910842E-02   3.4123472749E-02   2.5698222318E-04   1.1014955881E-03   1.7477913777E-04
    8      7.0941344130E-03  -6.5344205459E-03   1.4056792644E-04  -2.3985924650E-04  -4.1684477858E-04
    9      3.0832167992E-02   3.6439339698E-03   1.4013668356E-03   3.0636079550E-03   1.8242776231E-03
   10      2.6212231585E-03   3.3071691696E-03  -7.5972870453E-04   2.9208380700E-04   5.6086361694E-05
   11      5.2351790888E-03   1.1065329515E-03  -3.7375285512E-04   5.6382687742E-04   3.2236649376E-04
   12     -9.6925759770E-04   4.0383110673E-04   3.2687410854E-03   4.6192962350E-04   3.2956299213E-02
   13      3.0883402363E-05   1.6427762824E-04   1.0877451511E-03   6.3226624922E-03  -1.6961782769E-02
   14      2.0361389979E-03  -2.4563104778E-03  -6.9366542040E-04  -1.5822418330E-03  -4.2828884129E-02
   15     -7.0972053174E-03  -9.4785485598E-04  -3.6760467634E-02  -2.6376144938E-02  -1.7709390265E-02
   16     -3.7004491496E-05   2.6967384827E-05  -1.6238125947E-03   5.0409141931E-03  -1.6407039810E-03
   17      6.9567300288E-04  -9.9746490146E-05   1.4359264542E-03   1.0968946616E-04   6.8589961069E-03
   18     -1.8953194725E-04  -4.8400695633E-05   1.2871643091E-03   3.4413588117E-02  -8.1417561111E-03
   19     -4.6532784072E-05   6.7493102850E-04   3.4562802269E-03  -4.1280756791E-02   1.1108637865E-02
   20      3.8478697337E-04  -4.0878912647E-04   1.8313345825E-03  -6.4618863249E-03   8.4399353057E-03
   21      5.5930959414E-02  -7.4306374200E-03  -1.4300533010E-01  -6.1170973468E-02  -4.2044400396E-02
   22     -1.3100170438E-01  -1.7980883000E-02  -3.4889784428E-02  -1.3104084457E-01  -3.2497964979E-02
   23     -1.2175705249E-02  -7.3304325613E-02  -3.3314478507E-02  -3.8841109033E-02  -8.3432398370E-02
   24      4.2494118432E-02   3.4912348530E-02  -6.4332615871E-02   1.5320416832E-03  -6.6510705310E-03
   25      5.5721276050E-01   3.7171849762E-02  -5.4194619676E-03   2.5490715835E-02   7.6951889687E-03
   26      3.7171849762E-02   5.1156800825E-01  -1.1346938703E-02   8.7124579614E-03  -1.6152344358E-03
   27     -5.4194619676E-03  -1.1346938703E-02   4.9713610242E-01  -3.6420115749E-02  -3.3354848763E-03
   28      2.5490715835E-02   8.7124579614E-03  -3.6420115749E-02   5.8978138403E-01  -4.5856065392E-02
   29      7.6951889687E-03  -1.6152344358E-03  -3.3354848763E-03  -4.5856065392E-02   6.1102821832E-01
   30     -7.2765960838E-02  -3.8192470358E-02  -4.0963291510E-03   1.2826308731E-04  -1.1718469457E-03
   31     -1.0691928481E-01  -4.8879446938E-02   3.8873177128E-03  -3.5770947515E-03  -1.9677863160E-03
   32     -3.8918274983E-02  -8.1123396099E-02   5.3395263672E-04  -1.1510925456E-03   1.6643103368E-03
   33      2.5410116474E-03  -1.7993091738E-04  -1.5932216918E-01   4.8739702508E-02   4.3931063920E-02
   34     -6.8158749867E-03  -1.5232118603E-03   6.3304675172E-02  -9.6086958552E-02  -1.8043956037E-02
   35     -6.3773314184E-03   5.2062795658E-04   5.5112580674E-02  -1.8224730478E-02  -9.3575932301E-02
   36     -7.9289918492E-03   2.0912111145E-03  -5.5185590959E-02   2.4240146950E-02  -3.9183576912E-03
   37     -4.3443212891E-03   2.2471675921E-04   1.9523191077E-02  -2.8976509389E-01   8.0353761078E-02
   38     -1.0287165192E-04   2.5565617570E-03  -5.7227207652E-03   8.7081718428E-02  -8.5308072592E-02
   39     -4.7838367576E-03  -5.8525032097E-03  -5.1292757895E-02   5.3200672445E-03   4.4305236754E-04
   40     -2.4964691545E-03  -6.6228636970E-04   3.2990262151E-03  -5.5888351398E-02   2.1389147064E-02
   41     -2.9177910007E-03  -2.4098978619E-03   1.0236516119E-04   1.6636716718E-02  -3.1992443856E-01
   42     -7.1635079500E-03  -1.9924981194E-02   3.0703451603E-04   2.9341350583E-04   2.5752380077E-04
   43     -1.8319000855E-03  -2.0202528107E-02  -3.2356471287E-04   1.5739127290E-04   4.0305393730E-04
   44     -3.0118493414E-03  -8.2908859551E-03  -4.5949996783E-04   2.8404208705E-05   5.2532573799E-05
                   30                 31                 32                 33                 34        
    0      4.6902266097E-03  -1.4240202003E-02   1.2717942625E-02   2.8333722098E-03  -2.2025383051E-05
    1      6.1702644326E-03  -3.2017886072E-02   3.0312249231E-02  -1.8998639503E-03   7.7579411337E-05
    2     -2.5647999056E-03   8.8850004674E-03  -1.5961753668E-03   1.7574262146E-03  -7.9434708665E-05
    3      6.5873510564E-03  -5.5245722857E-03  -1.7498605488E-02   3.5603812089E-03  -3.4560954938E-04
    4      9.7371118187E-03  -9.9399215079E-03  -3.2957959125E-02  -8.2108334483E-04   8.7109409154E-05
    5      1.3238311094E-02  -1.2554536178E-02  -3.9587806162E-02  -1.2967645434E-03   2.7100157826E-04
    6     -7.6597172834E-02  -2.5503160964E-02   1.9665175681E-02   9.5686674989E-04  -1.7358415805E-04
    7     -3.4988625014E-02  -1.9381957537E-01   1.0981088713E-01   1.0571862791E-03  -1.6023796707E-03
    8      2.9284361667E-02   1.0603254178E-01  -1.8321724290E-01  -2.8723934493E-04   7.3106097365E-04
    9     -2.6163995951E-01   7.9193012282E-02   2.0625619564E-02   2.1228414047E-03  -1.1883399096E-03
   10      9.0331598948E-02  -1.1039424974E-01  -1.6168170013E-02  -4.7047182144E-05  -7.6292832323E-04
   11      1.3274853811E-02  -1.0737279756E-02  -7.9446483581E-02   1.9738567680E-04  -3.5360622225E-04
   12      7.0755050067E-04   4.3401567936E-04   7.5861063874E-05  -8.4663860638E-02   4.4788980769E-03
   13     -3.7832980141E-05  -5.4600136647E-04  -5.9126434293E-05   3.6315080156E-03  -7.8215907881E-02
   14     -2.1605910935E-04  -5.9065449221E-04  -1.0672431708E-03   3.3026375313E-02  -6.7465909661E-03
   15      1.3573288741E-03   1.8103439518E-03   3.4210882492E-04  -2.3675135712E-01  -6.7364845864E-02
   16      2.6671984490E-04  -4.5021127066E-04  -2.4809962586E-05  -7.3252129352E-02  -1.1136421681E-01
   17      1.4442130283E-04  -2.6854692396E-04  -3.1691840890E-04  -4.7031347118E-02  -2.4000437058E-02
   18      7.1921438638E-04   4.9406193997E-04   1.6692653177E-04  -8.9917532563E-02   3.9412059382E-02
   19     -3.0083832366E-04  -1.7910844235E-03   1.9660339331E-04   4.7637995802E-02  -2.7358155816E-01
   20      5.5075365743E-07   8.9195572624E-05  -3.8900104896E-04  -7.5501339708E-03   4.4309485764E-02
   21     -3.2010878136E-02   2.3209289690E-02  -1.3627684556E-04  -3.1222663486E-02  -3.0832155507E-02
   22     -9.6029879692E-03   9.9156866289E-03   2.1598277928E-03   1.9152538064E-03   4.9819052395E-03
   23     -8.8774594445E-03   7.8437344555E-03   3.1617022162E-03   3.4001490239E-03   4.1836004249E-03
   24     -1.2711683651E-01  -6.8904364692E-02  -2.5472185341E-02  -1.1868555638E-02  -5.9771931836E-04
   25     -7.2765960838E-02  -1.0691928481E-01  -3.8918274983E-02   2.5410116474E-03  -6.8158749867E-03
   26     -3.8192470358E-02  -4.8879446938E-02  -8.1123396099E-02  -1.7993091738E-04  -1.5232118603E-03
   27     -4.0963291510E-03   3.8873177128E-03   5.3395263672E-04  -1.5932216918E-01   6.3304675172E-02
   28      1.2826308731E-04  -3.5770947515E-03  -1.1510925456E-03   4.8739702508E-02  -9.6086958552E-02
   29     -1.1718469457E-03  -1.9677863160E-03   1.6643103368E-03   4.3931063920E-02  -1.8043956037E-02
   30      5.5611741510E-01  -1.3083156335E-04  -4.4603574891E-02  -3.1407299256E-03   1.0634254971E-04
   31     -1.3083156335E-04   5.3907676740E-01   4.1881345412E-02  -1.8571160418E-03   4.3584948614E-03
   32     -4.4603574891E-02   4.1881345412E-02   6.5729206206E-01  -6.3580323166E-04   1.0079600069E-04
   33     -3.1407299256E-03  -1.8571160418E-03  -6.3580323166E-04   5.9882116666E-01  -2.8950820420E-02
   34      1.0634254971E-04   4.3584948614E-03   1.0079600069E-04  -2.8950820420E-02   5.7354469886E-01
   35      1.1296770760E-04   1.9567354808E-03   2.1007520044E-03  -2.4692362674E-02   1.1343880930E-02
   36      4.9544557369E-04  -2.6878666489E-04  -8.1894059219E-05   3.1282638338E-03   2.6809443293E-02
   37      4.4026215446E-04  -1.0253248538E-04   2.5203516407E-04   2.3826151625E-04  -1.5298016578E-02
   38      1.0158197781E-04  -2.1604329417E-05  -1.7957803376E-04   1.4208906148E-03  -1.3503538718E-02
   39      3.2071600875E-04   5.1331269355E-04   3.8734329541E-04   5.3453661671E-03  -4.3878268051E-03
   40      2.1629004080E-04   3.3725646527E-04  -5.0318475562E-06   8.9051117764E-04   8.6995336123E-04
   41      3.0966629890E-04   3.0660612338E-04  -9.1242154661E-05  -2.1012830882E-03   3.3555388215E-03
   42     -6.6393342052E-02   7.1571097677E-03   3.3863458847E-02   1.1861032082E-04  -1.7346582488E-04
   43      1.0160794310E-02  -9.4130363560E-02  -9.5479273385E-02   1.0160380621E-04  -1.9190017320E-04
   44      3.9209446828E-02  -9.1925310183E-02  -2.7720373969E-01  -6.5604562037E-05  -1.5347010394E-04
                   35                 36                 37                 38                 39        
    0     -7.3229093002E-04  -6.4410029502E-04   1.5408534396E-03  -5.5404055275E-04  -7.5764277002E-04
    1      1.6377744093E-03   3.5550808399E-03   2.7646233276E-03   4.0989570901E-04   9.9797150714E-04
    2     -2.0201025211E-03  -1.6315619979E-03  -5.0336111411E-04  -1.0974932195E-03   9.4078763367E-05
    3     -3.3923517269E-05  -6.3503519856E-04  -1.3704241251E-04  -4.6862801859E-04  -1.0613377722E-03
    4     -2.4527965007E-06   1.0302274898E-03   8.2769645859E-04  -3.1054090355E-04   1.3780278007E-03
    5     -5.1332038137E-04   3.3454534013E-04   6.3253336561E-04  -3.9488858823E-04   3.0745247751E-03
    6     -2.0805522700E-04  -1.2326279580E-04  -1.9484794427E-04   2.9844981193E-05  -1.8807918269E-04
    7     -7.6808526486E-05   3.6391145277E-04   9.2176492405E-05   1.0915102441E-04  -3.4082654764E-04
    8     -5.9443954094E-04  -1.8175811730E-04  -9.2216191551E-05  -3.0135776209E-05   1.8931154571E-04
    9     -1.2563865721E-03  -3.9730030478E-04  -3.5808207508E-04  -6.5613464685E-05  -5.9892344913E-04
   10     -2.6579775869E-04   1.7699864560E-04   9.5323518228E-05   2.4355488492E-05   3.9536877956E-06
   11     -6.0391876744E-04  -1.0017597879E-05  -3.9682386049E-05  -1.8139117531E-05   3.5543134769E-05
   12      2.3220574306E-02   6.2446331892E-04  -5.9918862863E-04  -3.7353636290E-04  -5.4845874136E-03
   13     -3.6995808307E-03  -2.1834940089E-03   1.9459531763E-03   6.1162771441E-04   3.0060641423E-03
   14     -2.8648992763E-01  -1.5187010814E-04  -1.6162945926E-04   6.6334990104E-04   5.7941795778E-03
   15     -4.1493837411E-02   3.7911401314E-04  -1.4615862436E-04  -1.1549854543E-03   3.5378845522E-04
   16     -2.3194797894E-02  -1.5253576198E-03   2.1934790791E-03   4.8167995295E-04   1.8009514389E-04
   17     -9.0601109232E-02   5.9062403782E-04  -6.9614942293E-04  -5.1425195730E-04  -1.5191708413E-03
   18     -4.0482719451E-03  -5.6778607985E-03   2.0603620198E-03   2.6117285852E-03   4.5733734359E-04
   19      4.0569823975E-02   5.6390972084E-03  -6.9234209432E-04  -3.1475217756E-03  -5.1117900988E-04
   20     -8.7607805309E-02   2.0887326784E-03  -1.0231386685E-03   4.3822738805E-04  -2.0855489626E-03
   21     -2.1836319252E-02  -1.1172131535E-02  -1.2242683724E-02  -1.9085124563E-03  -1.5363888258E-02
   22      5.9574791011E-03  -3.4049420492E-02  -1.6471451953E-02  -1.5898270123E-02  -6.0188173532E-03
   23     -5.8564302469E-04   3.4330310382E-03  -2.8564082906E-04   5.1087088173E-03  -3.3096463742E-02
   24     -1.2193832203E-05   4.6968502308E-03   3.8928846193E-03   1.1008987486E-03   5.9677085470E-03
   25     -6.3773314184E-03  -7.9289918492E-03  -4.3443212891E-03  -1.0287165192E-04  -4.7838367576E-03
   26      5.2062795658E-04   2.0912111145E-03   2.2471675921E-04   2.5565617570E-03  -5.8525032097E-03
   27      5.5112580674E-02  -5.5185590959E-02   1.9523191077E-02  -5.7227207652E-03  -5.1292757895E-02
   28     -1.8224730478E-02   2.4240146950E-02  -2.8976509389E-01   8.7081718428E-02   5.3200672445E-03
   29     -9.3575932301E-02  -3.9183576912E-03   8.0353761078E-02  -8.5308072592E-02   4.4305236754E-04
   30      1.1296770760E-04   4.9544557369E-04   4.4026215446E-04   1.0158197781E-04   3.2071600875E-04
   31      1.9567354808E-03  -2.6878666489E-04  -1.0253248538E-04  -2.1604329417E-05   5.1331269355E-04
   32      2.1007520044E-03  -8.1894059219E-05   2.5203516407E-04  -1.7957803376E-04   3.8734329541E-04
   33     -2.4692362674E-02   3.1282638338E-03   2.3826151625E-04   1.4208906148E-03   5.3453661671E-03
   34      1.1343880930E-02   2.6809443293E-02  -1.5298016578E-02  -1.3503538718E-02  -4.3878268051E-03
   35      5.7130280192E-01  -1.2445509929E-02   7.1425389386E-03   3.9493813226E-03   2.8650617250E-02
   36     -1.2445509929E-02   6.2262412572E-02  -1.5240477550E-02   8.5604583703E-03   2.1964110503E-03
   37      7.1425389386E-03  -1.5240477550E-02   3.1702905356E-01  -8.6296751316E-02   1.1909184122E-03
   38      3.9493813226E-03   8.5604583703E-03  -8.6296751316E-02   8.1857038652E-02  -3.5630467610E-03
   39      2.8650617250E-02   2.1964110503E-03   1.1909184122E-03  -3.5630467610E-03   6.0010921875E-02
   40     -1.6378172043E-02  -6.1448947070E-04   1.7244046287E-03   3.0610583621E-02   3.3298149628E-03
   41     -1.5027850647E-02   1.2640919869E-03   4.5709974777E-04  -7.0295299148E-03   7.3125237279E-03
   42     -2.3040996045E-04   5.2321294001E-05   2.2858231675E-05  -1.6217167736E-05   9.4967293733E-05
   43     -2.7967990961E-04   5.0012660963E-06   1.0480503889E-06  -4.0703726416E-05   1.2398466231E-04
   44     -2.5351385343E-04   6.0172660507E-05   2.8674937479E-05  -1.1786387275E-06   1.2679738487E-04
                   40                 41                 42                 43                 44        
    0      2.0335791747E-04  -3.7006976826E-04  -5.4473363858E-04   9.6510787790E-05  -6.5515092036E-04
    1      1.0627805255E-03   5.0537223593E-04   3.4991439200E-04   1.1796091301E-03  -1.2419728416E-03
    2     -2.8828326191E-04   7.1730653734E-05   1.6879130636E-03   1.4613180116E-03   1.7520339885E-03
    3     -3.8151766606E-04   5.5192688994E-04  -3.0578908418E-03  -2.6975961443E-03  -1.3040045596E-03
    4      4.4284723056E-04   1.1055916570E-03  -4.0682071767E-03  -3.0031026000E-03  -7.8258190229E-04
    5      6.2761027272E-04   1.8343433138E-03  -4.3940536833E-03  -2.9870303850E-03   6.6442331895E-05
    6     -5.9374743650E-05  -1.0128820479E-04   7.3012754198E-03  -5.9223451968E-03   4.0129176745E-03
    7     -2.1189058170E-04  -1.5635600295E-04  -5.2743919902E-04   2.4356689629E-03   8.6878213493E-03
    8      1.3710476907E-04   1.1283757235E-04   5.5606347154E-03   4.0006704254E-02  -2.5976204185E-02
    9     -2.5377629363E-04  -3.1929686186E-04  -2.0284822693E-02   1.5305385295E-02   2.3075985939E-03
   10     -2.9417199304E-05   4.6580018435E-06   2.5110252257E-02  -4.9809549305E-03  -1.5938355662E-03
   11      8.4919410682E-06   1.6803165804E-05   2.9826201987E-02  -1.3598040683E-02   9.3047257830E-03
   12      2.3133757130E-03   1.9640780888E-03  -1.7901668758E-05  -2.5095232217E-05   1.7091153901E-05
   13     -2.1160944888E-04  -1.3282110358E-03   3.4673231501E-05   2.1007969315E-05   2.7927248568E-05
