
$orca_hessian_file

$act_atom
  0

$act_coord
  0

$act_energy
        0.000000

$multiplicity
  1

$hessian
45
                    0                  1                  2                  3                  4        
    0      7.7775534990E-02   4.9531320915E-03  -1.2522330376E-02   3.2264475475E-03  -5.0360058480E-03
    1      4.9531320915E-03   1.6336844920E-01  -1.3539088102E-01   1.2058607939E-04   2.3589406369E-02
    2     -1.2522330376E-02  -1.3539088102E-01   2.6515760429E-01   2.2065019417E-02   8.3706554308E-03
    3      3.2264475475E-03   1.2058607939E-04   2.2065019417E-02   1.4621018244E-01  -8.5326042928E-02
    4     -5.0360058480E-03   2.3589406369E-02   8.3706554308E-03  -8.5326042928E-02   1.6704364339E-01
    5      2.5588365025E-02  -6.3409483883E-03  -6.3417411387E-02  -1.0541543432E-01   1.2991648215E-01
    6      1.3071204951E-03   5.6263573685E-04  -1.7771442493E-03   1.5731452936E-03  -3.6265262442E-03
    7     -1.8882752002E-03   5.2915367708E-04   2.2767174593E-04  -3.9261217351E-03  -1.0187195130E-02
    8     -2.3534765210E-03  -1.3987155738E-03   5.9805515660E-03  -2.5137627238E-03  -6.4645686561E-03
    9     -1.8499902103E-03  -5.9682550675E-03   2.3624656575E-03   8.7286365150E-04  -6.7192511179E-04
   10     -7.0410883754E-03  -1.0519569416E-02   2.3961553637E-03  -4.5835763721E-04   6.7510129141E-04
   11      1.5013119006E-03   2.2961295819E-03   1.7857221686E-03  -1.5949171910E-03   1.7343117777E-03
   12     -9.8002165451E-04   5.1769689156E-04   4.8018164615E-05  -7.9654715610E-04   5.7362101974E-04
   13     -7.8444174824E-05   3.7284626695E-04  -1.9384288405E-04  -1.2077606015E-04   2.2231805316E-04
   14     -5.6266103990E-04  -3.3314715604E-04   1.0232403900E-03  -9.4925274935E-04   6.9903267227E-04
   15     -7.5910535979E-04   9.9033233247E-04  -1.4195879981E-03  -2.2428069735E-03   1.3196009174E-03
   16      1.3049577166E-04   2.7281478842E-04  -1.4343507584E-04  -2.3746162850E-04   2.7133875407E-04
   17      2.1174033689E-04  -2.5112961796E-04   5.0616312011E-04   1.8537542738E-04   4.9895615487E-06
   18     -5.7189615296E-04   2.9420923814E-04  -3.2641406305E-04  -6.3479047093E-04   4.8040076576E-04
   19     -1.6626901800E-04   1.5983651785E-03  -1.0040700154E-03  -9.6645141329E-04   1.1940115721E-03
   20     -9.8332174236E-05  -2.7521689737E-04   3.8335430453E-04  -1.7868317523E-04   1.6521833174E-04
   21     -6.7813467110E-03   2.4128161972E-02  -3.5491869237E-02  -5.6036187933E-02   3.2722789922E-02
   22      3.1006698041E-02  -6.8078623827E-03   2.9705127956E-02   4.1104901434E-02  -7.4112218420E-03
   23     -3.7347503874E-02   2.2425855716E-02  -2.9362910749E-02   3.7215388328E-02  -1.1336364177E-02
   24     -8.1129945451E-02  -2.0363744140E-02   1.8626062288E-02  -1.0177804763E-01   4.1028714050E-02
   25     -1.5372406571E-02  -1.5246659659E-01   8.7243533219E-02   4.6367884912E-02  -1.5969963027E-01
   26      1.2264143121E-02   7.6009695183E-02  -1.5936553923E-01   5.4462360978E-02  -9.2740439393E-02
   27      2.2257117543E-03  -2.8965857003E-03   8.3233991061E-03   7.6669829231E-04  -1.0607417926E-03
   28     -4.8147356296E-04   2.8155778140E-03  -3.5359187248E-03   1.1274123028E-03   3.0638795410E-03
   29     -2.5501000740E-03   5.2174822653E-03  -8.9143214623E-03  -7.5952270411E-03   3.5326141792E-03
   30      5.2697559409E-03  -1.3883372654E-03   4.4921052543E-04   5.3590324509E-03   2.2870888123E-02
   31     -9.6426400341E-03  -1.8078911753E-02   9.7641555202E-03  -2.4581571558E-03  -1.6307895442E-02
   32      1.8104515239E-02   3.9552439246E-02  -1.9170015302E-02  -2.7494548863E-04  -3.2564744122E-02
   33      2.7339074113E-03  -1.7554126170E-03   1.3127841276E-03   3.3719433209E-03  -2.1305841310E-03
   34      3.9388411235E-04  -2.7479548575E-03   1.5486648510E-03   2.5996526272E-03  -2.4757140128E-03
   35     -2.4301932104E-04   4.7165501770E-04  -5.0993716077E-04   2.4102486652E-03  -1.8469889012E-03
   36     -8.6933817366E-04   1.4036133468E-04  -9.8879661239E-04  -2.0364280325E-03   2.8095367537E-05
   37      4.2113456672E-04  -2.1835789165E-04   5.8150707352E-04   8.8235841809E-04  -8.2110593124E-05
   38     -3.3594065089E-04  -2.9556884274E-04   1.5453815821E-03   1.3229630981E-03  -2.3012373645E-04
   39     -1.3547571802E-03   1.9426522594E-03  -2.2291899147E-03  -2.0050776918E-04   2.8365153639E-04
   40      7.0993268624E-04  -1.7093985982E-03   6.1762103362E-04  -2.4358295028E-04  -3.8830811915E-04
   41     -1.7239883313E-03  -4.1274944014E-04   3.3908631402E-03   5.0683797394E-04  -3.1057272305E-04
   42      1.7579227543E-03  -1.0630305376E-03   1.2416566217E-03   2.3450029705E-03  -1.2790180898E-03
   43      1.8769229055E-03   2.0381918052E-06  -1.3345073582E-05   1.3572381778E-03   4.9237644219E-04
   44      3.9399328302E-04  -1.4484994792E-03   9.6725472970E-04   3.5907402843E-04   7.8077076001E-04
                    5                  6                  7                  8                  9        
    0      2.5588365025E-02   1.3071204951E-03  -1.8882752002E-03  -2.3534765210E-03  -1.8499902103E-03
    1     -6.3409483883E-03   5.6263573685E-04   5.2915367708E-04  -1.3987155738E-03  -5.9682550675E-03
    2     -6.3417411387E-02  -1.7771442493E-03   2.2767174593E-04   5.9805515660E-03   2.3624656575E-03
    3     -1.0541543432E-01   1.5731452936E-03  -3.9261217351E-03  -2.5137627238E-03   8.7286365150E-04
    4      1.2991648215E-01  -3.6265262442E-03  -1.0187195130E-02  -6.4645686561E-03  -6.7192511179E-04
    5      2.4621931852E-01  -2.8146031005E-03  -6.1269353642E-03  -1.9559691249E-03  -1.8794792654E-03
    6     -2.8146031005E-03   1.1506680819E-01  -6.8514588672E-02  -1.0100227172E-01   6.7976200908E-03
    7     -6.1269353642E-03  -6.8514588672E-02   1.5277872459E-01   1.2389374090E-01  -8.9926311473E-03
    8     -1.9559691249E-03  -1.0100227172E-01   1.2389374090E-01   2.4632723313E-01   2.3627872723E-02
    9     -1.8794792654E-03   6.7976200908E-03  -8.9926311473E-03   2.3627872723E-02   5.8332640595E-02
   10     -2.4275122908E-03  -5.3242790899E-03   2.5306693592E-02  -2.9122389082E-03   5.6896778275E-03
   11      5.6058101906E-03   2.1245238974E-02   8.9654108416E-03  -6.3439595729E-02  -1.1963450896E-02
   12      6.1559671444E-04  -8.7008005949E-04  -1.3948091728E-04   2.8444951401E-04  -2.0761429301E-04
   13      5.5954892907E-05  -4.7284651884E-05   6.7629655480E-05   4.7957541898E-05  -4.5178653488E-05
   14      8.4203932586E-04  -1.0334080511E-03   2.1334021472E-05   5.8638633055E-04  -1.3460921601E-04
   15      6.0679646301E-04  -2.8192052972E-04  -5.8040723479E-04  -4.2876045739E-04  -2.5248266925E-04
   16      8.4376565282E-05  -4.2169330351E-05   1.9667443115E-04   1.6810505186E-04  -8.8482697520E-06
   17      6.0929017800E-05   1.9936893155E-05   2.7451855500E-04   3.2211170184E-04   7.2614116495E-05
   18      4.1300494279E-04  -7.1952910099E-04   7.2722779165E-05   4.8454547038E-05  -2.1925622947E-04
   19      4.2172687211E-04  -1.1223043755E-03   4.3270520467E-04   2.4267225905E-04  -2.2941400971E-04
   20      2.3306961201E-04  -1.0817023993E-04   8.1131484081E-05   1.2403147655E-04  -1.1079113573E-05
   21      1.7465741484E-02   6.8346337267E-03  -5.5854463452E-03  -4.1195473907E-03   3.0608368070E-03
   22     -3.1222537352E-03   9.7631786913E-04   2.9121890724E-03   2.1374044008E-03   6.9890471934E-05
   23      9.9942691404E-03   1.8012742644E-03   2.4460034407E-03   2.9683275883E-03   1.8829035266E-03
   24      5.3195888649E-02   3.6293558526E-03   2.8467721293E-02   1.9606121975E-02   2.2702932344E-03
   25     -9.8744559274E-02  -5.3904843297E-03  -1.5864112493E-02  -1.2091787977E-02  -1.2945111441E-02
   26     -1.7968652377E-01  -3.3782399447E-03  -2.8994475507E-02  -2.2693600181E-02   1.7251346379E-02
   27     -2.7777162162E-03  -6.1242344858E-03   6.2317790127E-04   1.0063854371E-03   5.2413115228E-04
   28     -8.6263083908E-05   4.3273042334E-04  -3.0543651524E-03  -8.3968993095E-04   2.3671241467E-05
   29      3.4866291990E-03   8.8104153348E-04  -1.8349644559E-03  -3.3535704670E-03  -3.7391065612E-04
   30      1.7535276956E-02  -1.1863494301E-01   5.3036833276E-02   6.0434340932E-02  -8.1438262931E-02
   31     -1.4043373633E-02   5.6436999689E-02  -1.4846395434E-01  -9.4439167117E-02   1.7473820619E-03
   32     -2.0756580682E-02   5.2762718215E-02  -8.1751290273E-02  -1.6393404350E-01  -5.2529444079E-03
   33     -1.7862458346E-03   2.4843305558E-03   8.8608725091E-05  -4.8314787684E-04   8.0277750473E-04
   34     -8.2396890078E-04   3.3662531271E-04   1.9913125580E-05  -4.1079786976E-04   2.5359030381E-04
   35     -1.1409125556E-03   6.8414678672E-05  -3.0417586575E-04  -2.1749607718E-04   5.8098252455E-05
   36      5.2150040282E-04  -5.9150035277E-05  -1.1427274747E-03  -1.0735919891E-03   4.0522359228E-04
   37     -1.5204117528E-04  -1.7794982960E-03   6.9967312570E-04   1.0978066952E-05  -1.2559936326E-04
   38     -3.6126572565E-04   4.3485815208E-04  -1.3450985991E-04  -4.9255226980E-04  -2.4517827840E-04
   39     -9.4616138628E-04  -3.7075759808E-04  -8.2522109178E-04  -7.1993514623E-04   1.3985671731E-06
   40      4.2338659902E-04   7.1942275214E-04  -4.9281009722E-04  -8.6743033673E-04  -7.5147458564E-06
   41      3.4816715473E-04  -1.4656613292E-03  -1.5810954934E-04   6.8654638053E-04   3.0610514098E-05
   42     -3.2757574738E-04  -1.0632399387E-02   9.5775340373E-03   7.9770187773E-03   1.0899821139E-02
   43      1.2556556195E-03   2.6110705012E-02  -4.8809192606E-03  -6.9437394470E-03   2.1015696966E-02
   44      5.2843108181E-04   3.4075865850E-02  -1.6738072521E-02  -9.0836082611E-04  -2.5147936131E-02
                   10                 11                 12                 13                 14        
    0     -7.0410883754E-03   1.5013119006E-03  -9.8002165451E-04  -7.8444174824E-05  -5.6266103990E-04
    1     -1.0519569416E-02   2.2961295819E-03   5.1769689156E-04   3.7284626695E-04  -3.3314715604E-04
    2      2.3961553637E-03   1.7857221686E-03   4.8018164615E-05  -1.9384288405E-04   1.0232403900E-03
    3     -4.5835763721E-04  -1.5949171910E-03  -7.9654715610E-04  -1.2077606015E-04  -9.4925274935E-04
    4      6.7510129141E-04   1.7343117777E-03   5.7362101974E-04   2.2231805316E-04   6.9903267227E-04
    5     -2.4275122908E-03   5.6058101906E-03   6.1559671444E-04   5.5954892907E-05   8.4203932586E-04
    6     -5.3242790899E-03   2.1245238974E-02  -8.7008005949E-04  -4.7284651884E-05  -1.0334080511E-03
    7      2.5306693592E-02   8.9654108416E-03  -1.3948091728E-04   6.7629655480E-05   2.1334021472E-05
    8     -2.9122389082E-03  -6.3439595729E-02   2.8444951401E-04   4.7957541898E-05   5.8638633055E-04
    9      5.6896778275E-03  -1.1963450896E-02  -2.0761429301E-04  -4.5178653488E-05  -1.3460921601E-04
   10      1.8982505673E-01  -1.6533317709E-01  -3.6980242510E-04   1.5200678255E-04  -4.9571001468E-04
   11     -1.6533317709E-01   2.8690235452E-01   3.9747658014E-04  -1.2287594458E-04   7.5706080036E-04
   12     -3.6980242510E-04   3.9747658014E-04   8.9412347024E-02  -1.9489294299E-02   7.4375739694E-02
   13      1.5200678255E-04  -1.2287594458E-04  -1.9489294299E-02   9.5445662913E-02  -7.2505312946E-02
   14     -4.9571001468E-04   7.5706080036E-04   7.4375739694E-02  -7.2505312946E-02   3.7511956693E-01
   15     -4.9241115319E-04   2.2331489541E-04   1.5163796954E-02  -1.4922186800E-03   1.8814161434E-02
   16      1.3753689530E-04  -2.0754576316E-05  -1.4979615350E-03   1.3412224703E-02  -7.7966713470E-03
   17      4.0566195856E-05   1.3322030835E-04   3.3997813966E-02  -1.3811416104E-02  -6.7809950517E-02
   18     -1.6030066276E-04   2.0258428545E-04   1.3845477306E-02   1.3539844232E-02  -4.7405004628E-03
   19      2.7159410048E-04   3.6518542848E-05   7.5763871282E-03  -3.5404136562E-02   4.1637407187E-02
   20     -9.1909337792E-05   1.6533736110E-04  -1.9078825905E-03   5.7346600546E-02  -1.9807105884E-02
   21     -2.8522316502E-03   1.7868583398E-03   3.4332909255E-04  -1.2431984135E-03  -1.9990904828E-03
   22      2.7773185659E-03  -2.1353643784E-03   2.2018737251E-04   7.9171607137E-04   6.9417199066E-04
   23     -3.0088283578E-03   3.8940938237E-03   1.5752407620E-04   4.5532440947E-05   3.2295965533E-03
   24      5.5210023409E-03   7.2357494237E-04   3.3517277504E-03   1.4020958576E-04   1.9479753753E-03
   25     -2.0889133613E-02   8.5762716740E-03  -1.0256674361E-03  -5.9261168271E-04   5.1960470540E-05
   26      4.1365178893E-02  -1.7155868481E-02  -7.0873830972E-04   3.5251346687E-04  -8.3075130734E-04
   27      1.3544191428E-03   2.4574244189E-04  -5.3370112507E-03  -2.5498624450E-03  -8.0229427583E-03
   28     -1.6425225670E-03   1.1105572188E-04   8.4088693838E-03   8.3257949464E-03   7.7112385785E-03
   29     -5.0711178918E-04  -5.2951601818E-04  -4.1217892191E-02  -6.5484976406E-03  -3.4149793643E-02
   30      3.8318658465E-03  -1.0291809381E-02   8.6910678198E-04   1.2828203669E-04   1.0016765449E-03
   31     -1.7809543504E-01   1.2503580990E-01   4.1883876556E-04  -2.3466702345E-04   2.4482321746E-04
   32      1.1019733558E-01  -1.9824796874E-01  -8.1992862172E-04   7.8648416099E-05  -1.5692358107E-03
   33      1.0039323249E-03  -1.0048014038E-03  -1.0842512357E-01   1.1114429301E-02  -7.4303836073E-02
   34     -2.8343165194E-04   9.7480395211E-05   7.4667635035E-03  -8.4804528891E-02   3.2767520648E-02
   35      5.3959955085E-04  -9.1317590717E-04  -6.5117471775E-02   3.5350640451E-02  -2.5881099425E-01
   36     -5.5709860884E-04   3.2694239951E-05   7.4624919684E-04   2.2735902923E-03   3.0775623152E-04
   37      2.8513906771E-04   8.2444624365E-05   2.6537844425E-04   1.7792317436E-03  -2.6676363527E-04
   38      3.5267321229E-04  -5.1128210105E-04   6.3616712099E-04   5.4808580651E-04   6.9455565100E-04
   39      2.2135596856E-04  -5.4302836877E-04  -6.9722036417E-03  -2.0950335247E-03  -4.5284889602E-03
   40      4.2576723426E-05  -3.7047918914E-04  -2.8448633807E-03   4.5543272334E-04  -2.4780242919E-03
   41     -4.5264083347E-05   3.2756078927E-04  -8.2784348763E-04  -5.6741462696E-04   6.4727920547E-04
   42     -1.7211491114E-04  -1.2381125649E-03  -1.4343247554E-04  -2.6753780800E-05  -1.0106821922E-04
   43     -8.0429314598E-03   2.0874573019E-02  -8.8983280309E-05   1.1080300949E-05  -2.7397010145E-05
   44      2.0102888169E-02  -1.8773752987E-02   1.5519877521E-05  -1.0357996130E-06   7.8106226483E-05
                   15                 16                 17                 18                 19        
    0     -7.5910535979E-04   1.3049577166E-04   2.1174033689E-04  -5.7189615296E-04  -1.6626901800E-04
    1      9.9033233247E-04   2.7281478842E-04  -2.5112961796E-04   2.9420923814E-04   1.5983651785E-03
    2     -1.4195879981E-03  -1.4343507584E-04   5.0616312011E-04  -3.2641406305E-04  -1.0040700154E-03
    3     -2.2428069735E-03  -2.3746162850E-04   1.8537542738E-04  -6.3479047093E-04  -9.6645141329E-04
    4      1.3196009174E-03   2.7133875407E-04   4.9895615487E-06   4.8040076576E-04   1.1940115721E-03
    5      6.0679646301E-04   8.4376565282E-05   6.0929017800E-05   4.1300494279E-04   4.2172687211E-04
    6     -2.8192052972E-04  -4.2169330351E-05   1.9936893155E-05  -7.1952910099E-04  -1.1223043755E-03
    7     -5.8040723479E-04   1.9667443115E-04   2.7451855500E-04   7.2722779165E-05   4.3270520467E-04
    8     -4.2876045739E-04   1.6810505186E-04   3.2211170184E-04   4.8454547038E-05   2.4267225905E-04
    9     -2.5248266925E-04  -8.8482697520E-06   7.2614116495E-05  -2.1925622947E-04  -2.2941400971E-04
   10     -4.9241115319E-04   1.3753689530E-04   4.0566195856E-05  -1.6030066276E-04   2.7159410048E-04
   11      2.2331489541E-04  -2.0754576316E-05   1.3322030835E-04   2.0258428545E-04   3.6518542848E-05
   12      1.5163796954E-02  -1.4979615350E-03   3.3997813966E-02   1.3845477306E-02   7.5763871282E-03
   13     -1.4922186800E-03   1.3412224703E-02  -1.3811416104E-02   1.3539844232E-02  -3.5404136562E-02
   14      1.8814161434E-02  -7.7966713470E-03  -6.7809950517E-02  -4.7405004628E-03   4.1637407187E-02
   15      2.2619961808E-01  -9.1958231403E-02  -1.3469815996E-01   5.8843258293E-03   2.6700582641E-02
   16     -9.1958231403E-02   1.2837586842E-01   7.7127431657E-02   4.1015611313E-02  -5.1584146088E-02
   17     -1.3469815996E-01   7.7127431657E-02   1.9044450204E-01   7.2739770119E-03  -2.2781826856E-02
   18      5.8843258293E-03   4.1015611313E-02   7.2739770119E-03   7.1588345676E-02   1.8676188685E-02
   19      2.6700582641E-02  -5.1584146088E-02  -2.2781826856E-02   1.8676188685E-02   4.0741575982E-01
   20      5.7589163244E-03  -3.1065992022E-02   6.3895767180E-03  -2.1674116593E-03  -3.0483363377E-02
   21     -1.6373329469E-02  -1.6345859935E-03   9.5946954039E-04   4.6099699166E-04  -2.4976822024E-03
   22     -3.1083620490E-04   1.7493165358E-03  -6.4414516264E-05  -3.3663897894E-04   5.6667672772E-03
   23     -3.6444668506E-03  -2.7698001043E-04   2.5640340211E-03  -9.7478013580E-04   5.8041199305E-04
   24      5.6917114315E-03  -1.7965509237E-04  -1.0515713328E-03   3.1618278505E-03   2.2548919366E-03
   25     -3.4835743994E-03  -1.9979769842E-04   5.8659674029E-04  -9.3813890707E-04  -3.5244711070E-03
   26      4.6955715464E-03   4.6020866997E-04  -8.1988519585E-04   2.8442642064E-04   2.0274102929E-03
   27     -2.8918284361E-02   7.2281582971E-04   7.1076762200E-03   1.3097797719E-03  -1.1043290882E-03
   28      2.0710859036E-02   5.3601352764E-03  -5.3546409750E-03  -3.7544448381E-02  -4.1624257904E-02
   29      3.0836530921E-02  -1.6711928817E-03  -2.3725729832E-04   2.1413685977E-03   7.8789370432E-04
   30      1.9926646808E-04   1.4746607466E-04   4.9499959203E-05   6.8512334960E-04   1.0821699444E-03
   31      1.7484811551E-03  -3.6710588894E-04  -4.4262973792E-04   1.5561845201E-04  -7.7051947562E-04
   32     -1.2355458239E-04  -1.5258823438E-04  -3.8445817507E-04  -4.5108560829E-04  -6.7360895076E-04
   33     -2.0524368806E-01   5.2534041636E-02   8.4140231273E-02  -8.9234626914E-02  -4.4292233523E-02
   34      4.6401017585E-02  -9.9436324624E-02  -3.5593614241E-02  -3.3560889361E-02  -2.8417242844E-01
   35      7.8682238512E-02  -3.7340982305E-02  -1.3247303056E-01  -1.2036358699E-03   1.1145450668E-02
   36      5.3820922193E-04   1.7443607096E-03  -3.8714368165E-04  -6.6059411980E-03  -5.9966504737E-03
   37     -4.6856974751E-04   2.3302436088E-03   7.4544922426E-05  -2.0514430174E-03  -1.6151472999E-04
   38      6.9865024486E-04   8.4317320945E-04  -5.6130444694E-04  -1.2385596223E-03  -1.8665136473E-03
   39      7.0808200646E-04  -6.2506975582E-04   1.8217008348E-03   1.2021054137E-03   2.2929463785E-04
   40      1.1891808748E-03  -5.6246486323E-04   3.2094545319E-04   5.0838836562E-04   6.4813757469E-04
   41      3.0198446930E-04  -4.6711764250E-04   1.8268460433E-03   7.4189673926E-04  -1.0100564558E-04
   42     -3.1339256344E-04   3.4934242446E-06   7.2740068225E-05  -1.5194212241E-04  -2.1102661347E-04
   43     -3.8810747020E-04   4.3685754230E-05   1.0190698584E-04  -8.4278778451E-05   1.4133573522E-05
   44     -7.9535632722E-05   2.0590918698E-05   3.8503218181E-05  -8.4536565023E-06   1.9316363516E-05
                   20                 21                 22                 23                 24        
    0     -9.8332174236E-05  -6.7813467110E-03   3.1006698041E-02  -3.7347503874E-02  -8.1129945451E-02
    1     -2.7521689737E-04   2.4128161972E-02  -6.8078623827E-03   2.2425855716E-02  -2.0363744140E-02
    2      3.8335430453E-04  -3.5491869237E-02   2.9705127956E-02  -2.9362910749E-02   1.8626062288E-02
    3     -1.7868317523E-04  -5.6036187933E-02   4.1104901434E-02   3.7215388328E-02  -1.0177804763E-01
    4      1.6521833174E-04   3.2722789922E-02  -7.4112218420E-03  -1.1336364177E-02   4.1028714050E-02
    5      2.3306961201E-04   1.7465741484E-02  -3.1222537352E-03   9.9942691404E-03   5.3195888649E-02
    6     -1.0817023993E-04   6.8346337267E-03   9.7631786913E-04   1.8012742644E-03   3.6293558526E-03
    7      8.1131484081E-05  -5.5854463452E-03   2.9121890724E-03   2.4460034407E-03   2.8467721293E-02
    8      1.2403147655E-04  -4.1195473907E-03   2.1374044008E-03   2.9683275883E-03   1.9606121975E-02
    9     -1.1079113573E-05   3.0608368070E-03   6.9890471934E-05   1.8829035266E-03   2.2702932344E-03
   10     -9.1909337792E-05  -2.8522316502E-03   2.7773185659E-03  -3.0088283578E-03   5.5210023409E-03
   11      1.6533736110E-04   1.7868583398E-03  -2.1353643784E-03   3.8940938237E-03   7.2357494237E-04
   12     -1.9078825905E-03   3.4332909255E-04   2.2018737251E-04   1.5752407620E-04   3.3517277504E-03
   13      5.7346600546E-02  -1.2431984135E-03   7.9171607137E-04   4.5532440947E-05   1.4020958576E-04
   14     -1.9807105884E-02  -1.9990904828E-03   6.9417199066E-04   3.2295965533E-03   1.9479753753E-03
   15      5.7589163244E-03  -1.6373329469E-02  -3.1083620490E-04  -3.6444668506E-03   5.6917114315E-03
   16     -3.1065992022E-02  -1.6345859935E-03   1.7493165358E-03  -2.7698001043E-04  -1.7965509237E-04
   17      6.3895767180E-03   9.5946954039E-04  -6.4414516264E-05   2.5640340211E-03  -1.0515713328E-03
   18     -2.1674116593E-03   4.6099699166E-04  -3.3663897894E-04  -9.7478013580E-04   3.1618278505E-03
   19     -3.0483363377E-02  -2.4976822024E-03   5.6667672772E-03   5.8041199305E-04   2.2548919366E-03
   20      8.0628589643E-02  -1.4933620197E-03   8.2475696572E-04   1.1363796034E-03   3.3680156956E-05
   21     -1.4933620197E-03   5.1599744223E-01  -1.4025507791E-01  -9.1877647913E-03  -2.3644321607E-01
   22      8.2475696572E-04  -1.4025507791E-01   1.5750897642E-01   5.3763380396E-02   2.1215894350E-02
   23      1.1363796034E-03  -9.1877647913E-03   5.3763380396E-02   2.9888142632E-01  -4.9001253209E-02
   24      3.3680156956E-05  -2.3644321607E-01   2.1215894350E-02  -4.9001253209E-02   5.8695932642E-01
   25      2.3505477269E-04   1.6733141583E-03  -7.0193345577E-02  -1.0993077089E-02   1.1193602413E-02
   26     -4.9597913852E-04  -7.2230622542E-02  -1.2480005632E-03  -1.1896566739E-01  -8.1265870506E-03
   27     -8.3119062191E-04  -1.2872944642E-01   4.1296650740E-02   3.4714965195E-02  -4.3765101350E-02
   28     -8.4484401664E-03   4.1697683948E-02  -8.2779408525E-02  -3.5251935749E-02   1.2582723141E-02
   29      6.9825982596E-03   6.1371039570E-02  -4.7977645667E-02  -1.4630059642E-01   8.5369666631E-03
   30      1.6380149920E-04  -4.1324829515E-02  -2.0506854474E-02  -1.6723903683E-02  -1.2445208369E-01
   31     -4.3773643394E-06   2.2611343530E-02   6.7864864347E-03   6.1392839617E-03  -7.3376662246E-02
   32     -2.8703797221E-04  -1.1796466225E-02  -4.3287435753E-03  -2.9102379552E-03  -2.8165592597E-02
   33      2.1808204218E-04  -2.3854662950E-02   5.6740865072E-05   5.9421301720E-03  -1.2766441988E-02
   34      1.2158478000E-02   2.6477862034E-02  -3.2113577358E-03   2.4019548761E-03  -1.7286892657E-03
   35     -7.7542127244E-02   3.6500053256E-02   5.4564422802E-04  -1.1645850143E-03  -1.2744400450E-03
   36     -1.6832862183E-03  -1.0079540792E-02   2.9497134292E-02   5.6496401753E-03   5.7757016858E-03
   37     -9.1171459707E-04   1.1996048679E-02  -7.9508927733E-03  -7.1092765613E-03  -4.0198618782E-03
   38      6.5295569974E-04   1.0904304200E-02  -2.6675470739E-02  -1.4663947076E-03  -3.8226930669E-03
   39      2.3178700667E-03  -4.2950121027E-03  -1.2357363518E-03   3.0298575934E-02   4.7663544563E-03
   40      4.6856659643E-04   1.1518367343E-04   3.6871312261E-03  -1.7649764790E-02  -5.4040615298E-04
   41      1.4193961445E-03   8.7956451359E-03  -1.1551649884E-03  -2.2261292912E-02  -4.4730940888E-03
   42     -7.8237434631E-06  -2.7796668848E-03  -2.7073501852E-03  -7.7695192497E-04  -1.5271462501E-02
   43      1.2787674590E-05  -7.4460867298E-03  -3.5258127728E-03  -2.1498586967E-03  -2.1759892804E-02
   44      1.6961416477E-05  -1.4701660392E-03  -9.8976516668E-04  -2.3644190319E-04  -7.0737019013E-03
                   25                 26                 27                 28                 29        
    0     -1.5372406571E-02   1.2264143121E-02   2.2257117543E-03  -4.8147356296E-04  -2.5501000740E-03
    1     -1.5246659659E-01   7.6009695183E-02  -2.8965857003E-03   2.8155778140E-03   5.2174822653E-03
    2      8.7243533219E-02  -1.5936553923E-01   8.3233991061E-03  -3.5359187248E-03  -8.9143214623E-03
    3      4.6367884912E-02   5.4462360978E-02   7.6669829231E-04   1.1274123028E-03  -7.5952270411E-03
    4     -1.5969963027E-01  -9.2740439393E-02  -1.0607417926E-03   3.0638795410E-03   3.5326141792E-03
    5     -9.8744559274E-02  -1.7968652377E-01  -2.7777162162E-03  -8.6263083908E-05   3.4866291990E-03
    6     -5.3904843297E-03  -3.3782399447E-03  -6.1242344858E-03   4.3273042334E-04   8.8104153348E-04
    7     -1.5864112493E-02  -2.8994475507E-02   6.2317790127E-04  -3.0543651524E-03  -1.8349644559E-03
    8     -1.2091787977E-02  -2.2693600181E-02   1.0063854371E-03  -8.3968993095E-04  -3.3535704670E-03
    9     -1.2945111441E-02   1.7251346379E-02   5.2413115228E-04   2.3671241467E-05  -3.7391065612E-04
   10     -2.0889133613E-02   4.1365178893E-02   1.3544191428E-03  -1.6425225670E-03  -5.0711178918E-04
   11      8.5762716740E-03  -1.7155868481E-02   2.4574244189E-04   1.1105572188E-04  -5.2951601818E-04
   12     -1.0256674361E-03  -7.0873830972E-04  -5.3370112507E-03   8.4088693838E-03  -4.1217892191E-02
   13     -5.9261168271E-04   3.5251346687E-04  -2.5498624450E-03   8.3257949464E-03  -6.5484976406E-03
   14      5.1960470540E-05  -8.3075130734E-04  -8.0229427583E-03   7.7112385785E-03  -3.4149793643E-02
   15     -3.4835743994E-03   4.6955715464E-03  -2.8918284361E-02   2.0710859036E-02   3.0836530921E-02
   16     -1.9979769842E-04   4.6020866997E-04   7.2281582971E-04   5.3601352764E-03  -1.6711928817E-03
   17      5.8659674029E-04  -8.1988519585E-04   7.1076762200E-03  -5.3546409750E-03  -2.3725729832E-04
   18     -9.3813890707E-04   2.8442642064E-04   1.3097797719E-03  -3.7544448381E-02   2.1413685977E-03
   19     -3.5244711070E-03   2.0274102929E-03  -1.1043290882E-03  -4.1624257904E-02   7.8789370432E-04
   20      2.3505477269E-04  -4.9597913852E-04  -8.3119062191E-04  -8.4484401664E-03   6.9825982596E-03
   21      1.6733141583E-03  -7.2230622542E-02  -1.2872944642E-01   4.1697683948E-02   6.1371039570E-02
   22     -7.0193345577E-02  -1.2480005632E-03   4.1296650740E-02  -8.2779408525E-02  -4.7977645667E-02
   23     -1.0993077089E-02  -1.1896566739E-01   3.4714965195E-02  -3.5251935749E-02  -1.4630059642E-01
   24      1.1193602413E-02  -8.1265870506E-03  -4.3765101350E-02   1.2582723141E-02   8.5369666631E-03
   25      5.6279732334E-01   4.5808876173E-02   2.0858447313E-02  -1.8531761099E-02  -3.9019735390E-03
   26      4.5808876173E-02   5.3773702211E-01   1.7929860790E-02   2.8166548518E-05   1.6870713546E-02
   27      2.0858447313E-02   1.7929860790E-02   5.0478706696E-01  -3.9156888229E-03   4.8399969851E-02
   28     -1.8531761099E-02   2.8166548518E-05  -3.9156888229E-03   6.0779916775E-01  -5.3149941213E-02
   29     -3.9019735390E-03   1.6870713546E-02   4.8399969851E-02  -5.3149941213E-02   5.8786088376E-01
   30     -5.4443205444E-02  -2.5254032691E-02   1.1989638558E-03  -3.2824075573E-03  -2.5657202692E-03
   31     -1.4011939481E-01  -2.8218947074E-02  -6.2206657081E-03   6.5592354871E-03   5.3482075963E-03
   32     -2.3562737857E-02  -4.5824060008E-02  -3.2674948091E-03   8.7020396252E-04   2.9337513697E-03
   33      3.2229172350E-03  -8.1767892242E-04  -1.7863179081E-01  -4.4221208196E-02  -3.3732373530E-02
   34      5.0185661126E-03  -5.4890507461E-03  -5.5945400036E-02  -8.9749768648E-02  -5.9317210395E-03
   35      1.5195011689E-03  -4.2903056036E-03  -4.7703421031E-02  -6.3424319363E-03  -7.8999074910E-02
   36      2.7442933289E-03   2.5969002223E-03  -5.3006005369E-02  -9.8320448104E-03  -4.1333657703E-03
   37     -3.7168690028E-04  -1.8666027364E-03  -9.6803492051E-03  -3.1719769840E-01   2.9220963850E-02
   38     -4.7294583143E-04  -2.8342769802E-03  -2.5775209767E-03   3.3049605307E-02  -5.6502472712E-02
   39     -2.8731849581E-03   6.7969265527E-03  -6.6822655467E-02   1.4492093529E-02  -5.9351324882E-02
   40      3.0465765601E-03  -2.0432550495E-03   1.7011934195E-02  -7.8319286465E-02   7.8804660299E-02
   41      2.7800956467E-03  -4.4906325108E-03  -5.3169836895E-02   7.1748264788E-02  -2.8867612412E-01
   42      9.9754665935E-03  -5.4469733084E-03   5.2217772434E-04  -2.5007384703E-04  -6.1519393098E-04
   43      1.1590075833E-02  -5.9001429198E-03   1.5574798473E-03  -1.0247220577E-03  -1.4261257511E-03
   44      3.4140564640E-03   2.8453541449E-03   5.9031547682E-04  -4.7192104543E-04  -4.7184909069E-04
                   30                 31                 32                 33                 34        
    0      5.2697559409E-03  -9.6426400341E-03   1.8104515239E-02   2.7339074113E-03   3.9388411235E-04
    1     -1.3883372654E-03  -1.8078911753E-02   3.9552439246E-02  -1.7554126170E-03  -2.7479548575E-03
    2      4.4921052543E-04   9.7641555202E-03  -1.9170015302E-02   1.3127841276E-03   1.5486648510E-03
    3      5.3590324509E-03  -2.4581571558E-03  -2.7494548863E-04   3.3719433209E-03   2.5996526272E-03
    4      2.2870888123E-02  -1.6307895442E-02  -3.2564744122E-02  -2.1305841310E-03  -2.4757140128E-03
    5      1.7535276956E-02  -1.4043373633E-02  -2.0756580682E-02  -1.7862458346E-03  -8.2396890078E-04
    6     -1.1863494301E-01   5.6436999689E-02   5.2762718215E-02   2.4843305558E-03   3.3662531271E-04
    7      5.3036833276E-02  -1.4846395434E-01  -8.1751290273E-02   8.8608725091E-05   1.9913125580E-05
    8      6.0434340932E-02  -9.4439167117E-02  -1.6393404350E-01  -4.8314787684E-04  -4.1079786976E-04
    9     -8.1438262931E-02   1.7473820619E-03  -5.2529444079E-03   8.0277750473E-04   2.5359030381E-04
   10      3.8318658465E-03  -1.7809543504E-01   1.1019733558E-01   1.0039323249E-03  -2.8343165194E-04
   11     -1.0291809381E-02   1.2503580990E-01  -1.9824796874E-01  -1.0048014038E-03   9.7480395211E-05
   12      8.6910678198E-04   4.1883876556E-04  -8.1992862172E-04  -1.0842512357E-01   7.4667635035E-03
   13      1.2828203669E-04  -2.3466702345E-04   7.8648416099E-05   1.1114429301E-02  -8.4804528891E-02
   14      1.0016765449E-03   2.4482321746E-04  -1.5692358107E-03  -7.4303836073E-02   3.2767520648E-02
   15      1.9926646808E-04   1.7484811551E-03  -1.2355458239E-04  -2.0524368806E-01   4.6401017585E-02
   16      1.4746607466E-04  -3.6710588894E-04  -1.5258823438E-04   5.2534041636E-02  -9.9436324624E-02
   17      4.9499959203E-05  -4.4262973792E-04  -3.8445817507E-04   8.4140231273E-02  -3.5593614241E-02
   18      6.8512334960E-04   1.5561845201E-04  -4.5108560829E-04  -8.9234626914E-02  -3.3560889361E-02
   19      1.0821699444E-03  -7.7051947562E-04  -6.7360895076E-04  -4.4292233523E-02  -2.8417242844E-01
   20      1.6380149920E-04  -4.3773643394E-06  -2.8703797221E-04   2.1808204218E-04   1.2158478000E-02
   21     -4.1324829515E-02   2.2611343530E-02  -1.1796466225E-02  -2.3854662950E-02   2.6477862034E-02
   22     -2.0506854474E-02   6.7864864347E-03  -4.3287435753E-03   5.6740865072E-05  -3.2113577358E-03
   23     -1.6723903683E-02   6.1392839617E-03  -2.9102379552E-03   5.9421301720E-03   2.4019548761E-03
   24     -1.2445208369E-01  -7.3376662246E-02  -2.8165592597E-02  -1.2766441988E-02  -1.7286892657E-03
   25     -5.4443205444E-02  -1.4011939481E-01  -2.3562737857E-02   3.2229172350E-03   5.0185661126E-03
   26     -2.5254032691E-02  -2.8218947074E-02  -4.5824060008E-02  -8.1767892242E-04  -5.4890507461E-03
   27      1.1989638558E-03  -6.2206657081E-03  -3.2674948091E-03  -1.7863179081E-01  -5.5945400036E-02
   28     -3.2824075573E-03   6.5592354871E-03   8.7020396252E-04  -4.4221208196E-02  -8.9749768648E-02
   29     -2.5657202692E-03   5.3482075963E-03   2.9337513697E-03  -3.3732373530E-02  -5.9317210395E-03
   30      6.4928525942E-01  -4.7524336398E-02   4.3943405007E-02  -2.6719526932E-03  -8.0232134180E-04
   31     -4.7524336398E-02   5.6493295361E-01  -2.2535929688E-02  -1.3162594086E-03   4.9205005124E-06
   32      4.3943405007E-02  -2.2535929688E-02   5.1809922359E-01   2.0731258314E-03   4.5311828199E-04
   33     -2.6719526932E-03  -1.3162594086E-03   2.0731258314E-03   6.0821418694E-01   2.7382210238E-02
   34     -8.0232134180E-04   4.9205005124E-06   4.5311828199E-04   2.7382210238E-02   5.7290469790E-01
   35     -5.0534458873E-04  -8.0890920148E-04   1.6625731396E-03   2.3493374122E-02   5.6405495649E-03
   36     -1.2792585223E-03   2.0296041460E-03   7.3768659805E-04   4.0843352830E-03  -3.1585434217E-02
   37      1.2240275150E-03  -1.5033185064E-03  -6.1560837563E-04   1.6551724861E-03  -1.4438707706E-02
   38     -1.4872974654E-06  -3.5390195417E-04   1.4084221342E-03  -2.8170016965E-03  -1.0811318490E-02
   39     -1.0161808197E-03   5.2333143933E-04   1.1855582520E-03  -1.4352511780E-03   1.2000099752E-02
   40     -5.4302159485E-04   4.2988931708E-04   1.5399672293E-03  -3.6629641962E-03   3.2662368739E-03
   41      7.6418372829E-04  -7.8428012474E-04  -9.8773420583E-04  -2.3381146935E-03   4.1510968512E-03
   42     -2.9204899709E-01   5.4423225080E-02  -6.8670925124E-02   5.7205715025E-04   2.4680748119E-04
   43      4.6612847890E-02  -7.4772283062E-02   1.3537148625E-02   3.8483053164E-04   1.0588205317E-04
   44     -6.8983168921E-02   1.5055625430E-02  -7.0032597890E-02  -2.8256369232E-05   1.2393052476E-05
                   35                 36                 37                 38                 39        
    0     -2.4301932104E-04  -8.6933817366E-04   4.2113456672E-04  -3.3594065089E-04  -1.3547571802E-03
    1      4.7165501770E-04   1.4036133468E-04  -2.1835789165E-04  -2.9556884274E-04   1.9426522594E-03
    2     -5.0993716077E-04  -9.8879661239E-04   5.8150707352E-04   1.5453815821E-03  -2.2291899147E-03
    3      2.4102486652E-03  -2.0364280325E-03   8.8235841809E-04   1.3229630981E-03  -2.0050776918E-04
    4     -1.8469889012E-03   2.8095367537E-05  -8.2110593124E-05  -2.3012373645E-04   2.8365153639E-04
    5     -1.1409125556E-03   5.2150040282E-04  -1.5204117528E-04  -3.6126572565E-04  -9.4616138628E-04
    6      6.8414678672E-05  -5.9150035277E-05  -1.7794982960E-03   4.3485815208E-04  -3.7075759808E-04
    7     -3.0417586575E-04  -1.1427274747E-03   6.9967312570E-04  -1.3450985991E-04  -8.2522109178E-04
    8     -2.1749607718E-04  -1.0735919891E-03   1.0978066952E-05  -4.9255226980E-04  -7.1993514623E-04
    9      5.8098252455E-05   4.0522359228E-04  -1.2559936326E-04  -2.4517827840E-04   1.3985671731E-06
   10      5.3959955085E-04  -5.5709860884E-04   2.8513906771E-04   3.5267321229E-04   2.2135596856E-04
   11     -9.1317590717E-04   3.2694239951E-05   8.2444624365E-05  -5.1128210105E-04  -5.4302836877E-04
   12     -6.5117471775E-02   7.4624919684E-04   2.6537844425E-04   6.3616712099E-04  -6.9722036417E-03
   13      3.5350640451E-02   2.2735902923E-03   1.7792317436E-03   5.4808580651E-04  -2.0950335247E-03
   14     -2.5881099425E-01   3.0775623152E-04  -2.6676363527E-04   6.9455565100E-04  -4.5284889602E-03
   15      7.8682238512E-02   5.3820922193E-04  -4.6856974751E-04   6.9865024486E-04   7.0808200646E-04
   16     -3.7340982305E-02   1.7443607096E-03   2.3302436088E-03   8.4317320945E-04  -6.2506975582E-04
   17     -1.3247303056E-01  -3.8714368165E-04   7.4544922426E-05  -5.6130444694E-04   1.8217008348E-03
   18     -1.2036358699E-03  -6.6059411980E-03  -2.0514430174E-03  -1.2385596223E-03   1.2021054137E-03
   19      1.1145450668E-02  -5.9966504737E-03  -1.6151472999E-04  -1.8665136473E-03   2.2929463785E-04
   20     -7.7542127244E-02  -1.6832862183E-03  -9.1171459707E-04   6.5295569974E-04   2.3178700667E-03
   21      3.6500053256E-02  -1.0079540792E-02   1.1996048679E-02   1.0904304200E-02  -4.2950121027E-03
   22      5.4564422802E-04   2.9497134292E-02  -7.9508927733E-03  -2.6675470739E-02  -1.2357363518E-03
   23     -1.1645850143E-03   5.6496401753E-03  -7.1092765613E-03  -1.4663947076E-03   3.0298575934E-02
   24     -1.2744400450E-03   5.7757016858E-03  -4.0198618782E-03  -3.8226930669E-03   4.7663544563E-03
   25      1.5195011689E-03   2.7442933289E-03  -3.7168690028E-04  -4.7294583143E-04  -2.8731849581E-03
   26     -4.2903056036E-03   2.5969002223E-03  -1.8666027364E-03  -2.8342769802E-03   6.7969265527E-03
   27     -4.7703421031E-02  -5.3006005369E-02  -9.6803492051E-03  -2.5775209767E-03  -6.6822655467E-02
   28     -6.3424319363E-03  -9.8320448104E-03  -3.1719769840E-01   3.3049605307E-02   1.4492093529E-02
   29     -7.8999074910E-02  -4.1333657703E-03   2.9220963850E-02  -5.6502472712E-02  -5.9351324882E-02
   30     -5.0534458873E-04  -1.2792585223E-03   1.2240275150E-03  -1.4872974654E-06  -1.0161808197E-03
   31     -8.0890920148E-04   2.0296041460E-03  -1.5033185064E-03  -3.5390195417E-04   5.2333143933E-04
   32      1.6625731396E-03   7.3768659805E-04  -6.1560837563E-04   1.4084221342E-03   1.1855582520E-03
   33      2.3493374122E-02   4.0843352830E-03   1.6551724861E-03  -2.8170016965E-03  -1.4352511780E-03
   34      5.6405495649E-03  -3.1585434217E-02  -1.4438707706E-02  -1.0811318490E-02   1.2000099752E-02
   35      5.6317134634E-01   5.0944659463E-03   3.6729282187E-03   1.0819035977E-03  -3.0273806410E-02
   36      5.0944659463E-03   6.0196281885E-02   3.2198777777E-03  -4.9998357072E-03   2.2529742370E-03
   37      3.6729282187E-03   3.2198777777E-03   3.4246997897E-01  -2.3810524704E-02  -1.5270486572E-03
   38      1.0819035977E-03  -4.9998357072E-03  -2.3810524704E-02   5.6936076971E-02   1.9156581892E-03
   39     -3.0273806410E-02   2.2529742370E-03  -1.5270486572E-03   1.9156581892E-03   7.3615109823E-02
   40     -1.2576265564E-02   7.7796765864E-03  -5.9183534665E-03   2.9764750914E-02  -2.0314742560E-02
   41     -9.7860076450E-03  -1.5619262616E-03   9.5807933106E-04   5.1686565773E-04   5.4353393318E-02
   42      1.4597444066E-04  -6.3312979364E-05  -1.7320232274E-05   1.2238565225E-04  -7.8698747602E-05
   43      1.6299967356E-04  -3.3734574020E-04   2.7837444877E-04   9.3040450196E-05  -1.9766737790E-04
   44     -6.8176153702E-05  -1.0946693720E-04   1.3063460275E-04  -1.0661235103E-04  -9.4946956272E-05
                   40                 41                 42                 43                 44        
    0      7.0993268624E-04  -1.7239883313E-03   1.7579227543E-03   1.8769229055E-03   3.9399328302E-04
    1     -1.7093985982E-03  -4.1274944014E-04  -1.0630305376E-03   2.0381918052E-06  -1.4484994792E-03
    2      6.1762103362E-04   3.3908631402E-03   1.2416566217E-03  -1.3345073582E-05   9.6725472970E-04
    3     -2.4358295028E-04   5.0683797394E-04   2.3450029705E-03   1.3572381778E-03   3.5907402843E-04
    4     -3.8830811915E-04  -3.1057272305E-04  -1.2790180898E-03   4.9237644219E-04   7.8077076001E-04
    5      4.2338659902E-04   3.4816715473E-04  -3.2757574738E-04   1.2556556195E-03   5.2843108181E-04
    6      7.1942275214E-04  -1.4656613292E-03  -1.0632399387E-02   2.6110705012E-02   3.4075865850E-02
    7     -4.9281009722E-04  -1.5810954934E-04   9.5775340373E-03  -4.8809192606E-03  -1.6738072521E-02
    8     -8.6743033673E-04   6.8654638053E-04   7.9770187773E-03  -6.9437394470E-03  -9.0836082611E-04
    9     -7.5147458564E-06   3.0610514098E-05   1.0899821139E-02   2.1015696966E-02  -2.5147936131E-02
   10      4.2576723426E-05  -4.5264083347E-05  -1.7211491114E-04  -8.0429314598E-03   2.0102888169E-02
   11     -3.7047918914E-04   3.2756078927E-04  -1.2381125649E-03   2.0874573019E-02  -1.8773752987E-02
   12     -2.8448633807E-03  -8.2784348763E-04  -1.4343247554E-04  -8.8983280309E-05   1.5519877521E-05
   13      4.5543272334E-04  -5.6741462696E-04  -2.6753780800E-05   1.1080300949E-05  -1.0357996130E-06
