
$orca_hessian_file

$act_atom
  0

$act_coord
  0

$act_energy
        0.000000

$multiplicity
  1

$hessian
45
                    0                  1                  2                  3                  4        
    0      1.5819305901E-01   4.8477313947E-02  -1.3690595610E-01   4.6454695860E-03   6.8553126106E-03
    1      4.8477313947E-02   9.4961705155E-02  -7.8386219988E-02   1.3294790657E-02   1.3650846662E-02
    2     -1.3690595610E-01  -7.8386219988E-02   3.2285858243E-01   2.1822316827E-02  -1.9598156293E-02
    3      4.6454695860E-03   1.3294790657E-02   2.1822316827E-02   7.4040460214E-02   3.5661960505E-03
    4      6.8553126106E-03   1.3650846662E-02  -1.9598156293E-02   3.5661960505E-03   2.5183101963E-01
    5      1.8435568249E-02  -3.4700625944E-02  -5.6054150493E-02  -6.3135575677E-04   1.3824539751E-01
    6      5.4239920220E-03   8.7030584760E-04  -9.9471726754E-04   2.6440907167E-03   5.6456647997E-03
    7      2.5329569582E-03   1.3795217163E-03  -1.7594467504E-03   6.2680111817E-05   1.9048726108E-03
    8     -3.5344714384E-03  -1.9137036089E-03   3.9776969946E-03   2.3877730161E-04   2.2858670450E-03
    9      1.0723471351E-03   5.4020125498E-04  -1.3558710475E-03  -6.5687046929E-04   4.7675730543E-03
   10      2.9041913166E-04   1.8498544298E-03   4.8518622595E-03   6.3830656765E-03  -1.1718234821E-02
   11     -6.6652057081E-04  -2.0882120143E-03   5.3301092052E-03  -2.0648251398E-04   2.7795037103E-03
   12     -7.3635634759E-04  -3.9427886080E-04   6.0013625500E-04  -5.1004475031E-04  -6.3315562517E-04
   13      8.1055871865E-04   7.8029161029E-04  -5.5267526840E-04   1.5947978889E-04   1.5668471667E-03
   14     -4.5400500835E-04  -3.1876244170E-04   4.3173598010E-04  -1.1318724748E-04  -1.3559440615E-04
   15     -2.4978882415E-03  -9.8371227300E-04   1.0356704146E-03  -8.1241898293E-04  -1.3236310798E-03
   16     -1.6865707378E-05   6.1061822990E-05  -1.0939428893E-05  -1.1110454588E-04   2.1120381442E-04
   17      1.8972092059E-04  -4.7902309215E-06   5.2912072841E-05   2.7016669360E-04   3.3493772849E-04
   18     -7.9037275285E-04  -3.2374714353E-04   7.3918954332E-04  -9.4049953835E-04  -5.0870900993E-04
   19     -2.5889353132E-04   1.6141056589E-05   2.7727902515E-04  -1.5173481182E-04   4.4662063658E-04
   20     -9.7707259406E-04  -4.0129047187E-04   9.8409202975E-04  -4.3906154327E-04   4.5124387841E-04
   21     -5.6953017021E-02  -2.2118215931E-02   2.6619586689E-02  -1.1865229624E-02  -3.5095015372E-02
   22     -2.7906482067E-02  -3.8680226350E-04   7.2080191436E-03  -4.2453244099E-02  -1.9010351208E-02
   23      5.0155123133E-02   1.2752919167E-02   2.5758059673E-03  -2.7405601617E-02  -2.2970705524E-02
   24     -1.0836499459E-01  -2.5769020222E-02   7.5037531505E-02  -7.5080042431E-02   1.7404102096E-02
   25     -3.0453855157E-02  -1.0488754210E-01   7.3328399096E-02   9.3348179662E-03  -2.0230079395E-01
   26      7.8407618776E-02   6.8090028583E-02  -2.4125555470E-01   2.7262066855E-03  -6.1678314187E-02
   27     -1.4797957100E-03  -9.4555700787E-04  -2.0057441516E-03   2.5526939866E-03   4.8466269274E-03
   28     -1.6399598248E-04   3.4958073896E-03  -7.0685921657E-04   5.9668005164E-04   1.4281291154E-03
   29     -7.1572278198E-03  -2.3769386823E-03   4.8285057205E-03  -3.7948632064E-03  -8.0635412261E-03
   30      9.9253139865E-05  -1.8025966959E-02   2.2619080539E-02   5.5325854387E-03  -5.0979039461E-03
   31      9.6749494403E-04  -5.0693743336E-03   1.0312897938E-02   1.0820548198E-02  -3.5441495986E-02
   32     -1.8667072247E-03   3.5066076084E-02  -4.0369589545E-02   8.8755081033E-03  -3.5095792367E-02
   33      3.5648421266E-03   1.4775196228E-03  -2.4149098666E-03   2.6677742753E-03   2.4423059705E-03
   34     -1.5635397967E-03  -1.1706717378E-03   7.0000562518E-04  -3.7635004176E-04  -2.4057555025E-03
   35      3.5365448287E-03   1.7905116726E-03  -2.0435272847E-03  -1.1384070263E-04   1.4330305361E-04
   36     -2.7887578762E-04  -5.7744283679E-04  -7.4917950547E-04  -7.7097567013E-04  -2.0857330967E-03
   37      1.8297733044E-04  -4.1064515230E-04  -1.6671495426E-04  -7.0189626814E-04  -1.1685207003E-03
   38      6.3165225938E-04   5.5290154881E-04   3.2196984866E-04  -9.0118819860E-04   2.0619190953E-03
   39     -1.3802885751E-03   4.7480389703E-04   2.7370999454E-04  -9.1204731730E-04  -2.6662992522E-04
   40     -6.5739773093E-04   9.0182342441E-05   6.4246445872E-05  -5.8349329355E-04  -2.1294172975E-04
   41      1.2269988244E-03  -1.5823031316E-04  -3.4089594037E-04   2.0827185434E-04   8.2347327010E-04
   42     -5.1737399162E-04   3.8989622122E-03  -4.0715413046E-03  -5.3494543385E-04  -4.9185274974E-04
   43      1.0080401258E-03  -4.3603765998E-03   4.4057460646E-03   1.3441385501E-04   1.2185542661E-03
   44     -1.2705687634E-03   2.1288929406E-03  -1.2976922899E-03  -5.6486834247E-04   8.0486502623E-04
                    5                  6                  7                  8                  9        
    0      1.8435568249E-02   5.4239920220E-03   2.5329569582E-03  -3.5344714384E-03   1.0723471351E-03
    1     -3.4700625944E-02   8.7030584760E-04   1.3795217163E-03  -1.9137036089E-03   5.4020125498E-04
    2     -5.6054150493E-02  -9.9471726754E-04  -1.7594467504E-03   3.9776969946E-03  -1.3558710475E-03
    3     -6.3135575677E-04   2.6440907167E-03   6.2680111817E-05   2.3877730161E-04  -6.5687046929E-04
    4      1.3824539751E-01   5.6456647997E-03   1.9048726108E-03   2.2858670450E-03   4.7675730543E-03
    5      1.7477620289E-01   1.1758931432E-03   1.2334600441E-03   1.5779414874E-03  -2.9668905081E-04
    6      1.1758931432E-03   3.9402143052E-01   7.2300361562E-02  -7.0026161637E-03  -1.8952527858E-02
    7      1.2334600441E-03   7.2300361562E-02   8.0458620371E-02   6.1010701036E-04  -4.8339781422E-02
    8      1.5779414874E-03  -7.0026161637E-03   6.1010701036E-04   5.9517058356E-02  -2.5675911208E-02
    9     -2.9668905081E-04  -1.8952527858E-02  -4.8339781422E-02  -2.5675911208E-02   7.3934978370E-02
   10      1.4788545664E-03  -3.6841766073E-02  -1.9610233528E-02  -1.1616109497E-02   3.7265259529E-02
   11      2.4811303395E-03  -1.8840358761E-02  -1.0504367118E-02   7.6887988949E-03   2.3647316683E-02
   12     -2.8264750512E-04  -8.6909094230E-04  -6.7646205357E-06   3.4697844717E-05  -4.6411644890E-04
   13      4.6641337936E-04   7.0208679363E-04   2.5151457897E-04  -1.1952647852E-04   3.8468333449E-04
   14      1.1299111605E-04  -2.3771417247E-04  -7.9391765663E-05   8.6758440730E-05  -1.2674548819E-04
   15     -1.0840063714E-03  -1.2578651203E-03   2.8188991362E-04  -2.0683482219E-04  -3.4597976217E-04
   16      5.1472861414E-05  -9.1730111045E-05   1.0064942726E-04  -3.8073590194E-05   2.1046913662E-05
   17      4.0276115795E-04   3.2541331448E-04  -8.6785333182E-05   1.2818984901E-04   1.1064009014E-04
   18      1.6031326636E-04  -7.7545747934E-04   6.9630061525E-05   6.3555415251E-05  -2.5812909786E-04
   19      3.2479794014E-04  -1.2221217182E-04   1.1160779987E-04   7.5283802153E-05   1.4506002179E-05
   20      7.8016912639E-04  -4.7267795443E-04   4.4040602708E-05   2.0111871871E-04  -1.2897684267E-04
   21     -2.9378972928E-02  -9.5618137953E-03   6.1577282508E-03  -4.7435841993E-03   1.7945156774E-03
   22     -2.9781709228E-02   6.1887361575E-03  -1.3214142528E-03   1.8616095878E-03   2.7134697191E-03
   23     -1.1754302849E-02  -4.5955658224E-03   3.2665158423E-03  -1.6834508201E-03   1.9798439533E-03
   24      9.2864766834E-03  -4.4863869586E-02   1.6422619797E-02  -1.5631896090E-02   1.4427680473E-03
   25     -7.2004733512E-02  -1.7515330633E-02   6.4967009084E-03  -1.7450319874E-03   7.9978736640E-03
   26     -1.1005271558E-01   3.9076092223E-03  -3.0980247065E-03   1.1624171848E-03   7.9091458362E-03
   27      6.5526301384E-03   3.0103911207E-03  -1.6832447153E-03   1.4174397362E-03  -7.0516565464E-05
   28      1.6559495068E-04   3.9768061984E-04  -1.2172972439E-03   2.7965420757E-04  -5.9023984595E-04
   29     -7.7152825287E-03  -2.7470986980E-03   1.4380602722E-03  -1.2700430081E-03  -6.6728243032E-04
   30     -2.8253902360E-03  -3.0043713371E-01  -3.5117619773E-02   2.0012056848E-02  -6.8177781922E-02
   31     -4.9038085923E-03  -2.3121596102E-02  -7.4087396999E-02   4.6940681765E-03  -1.0228862935E-02
   32     -1.9037617692E-03   2.3744193879E-02   7.7186099004E-03  -7.9477743030E-02  -5.5242899599E-03
   33      8.3472282925E-04   3.1516878829E-03  -2.6382015830E-04  -1.1509377008E-05   1.3353773242E-03
   34     -6.2548698933E-04  -4.2338814373E-04  -2.9299038706E-04  -2.7498372526E-06  -1.1722110842E-04
   35     -6.1081678551E-05   5.7537019586E-04  -8.7438049369E-05  -1.3665238888E-04   2.2739518645E-04
   36     -1.6417381184E-03  -1.0500531698E-04   1.0966423312E-04  -2.3664237852E-04  -1.2236519404E-04
   37      7.2589959012E-04  -3.2333435283E-04  -3.4561253296E-05   2.3266601297E-04   2.0599979122E-04
   38      3.1330332428E-03   2.2750576554E-04  -1.2248323257E-04   2.3045661207E-04  -1.3406773396E-05
   39     -9.3548587645E-04   1.8998694143E-04   3.3768471254E-04  -1.4491063480E-04   7.2561661281E-04
   40     -2.9225486779E-04   4.2435779227E-05   3.5623734505E-04  -3.5046263263E-04   5.5290237336E-04
   41      1.4335768222E-03   3.8322127673E-04  -3.8420784297E-04   4.5097114869E-05  -5.7219789717E-04
   42      6.5988319570E-04  -3.1618815400E-02  -1.2711791357E-02   3.5487991006E-02   8.7426841507E-03
   43     -7.7167802166E-04  -7.8601075268E-03   5.5041689063E-03   5.7646440646E-03   4.8788355100E-03
   44      2.8434887219E-03   4.4854002030E-03   1.7931088521E-03   7.9523555947E-03   5.4344227185E-04
                   10                 11                 12                 13                 14        
    0      2.9041913166E-04  -6.6652057081E-04  -7.3635634759E-04   8.1055871865E-04  -4.5400500835E-04
    1      1.8498544298E-03  -2.0882120143E-03  -3.9427886080E-04   7.8029161029E-04  -3.1876244170E-04
    2      4.8518622595E-03   5.3301092052E-03   6.0013625500E-04  -5.5267526840E-04   4.3173598010E-04
    3      6.3830656765E-03  -2.0648251398E-04  -5.1004475031E-04   1.5947978889E-04  -1.1318724748E-04
    4     -1.1718234821E-02   2.7795037103E-03  -6.3315562517E-04   1.5668471667E-03  -1.3559440615E-04
    5      1.4788545664E-03   2.4811303395E-03  -2.8264750512E-04   4.6641337936E-04   1.1299111605E-04
    6     -3.6841766073E-02  -1.8840358761E-02  -8.6909094230E-04   7.0208679363E-04  -2.3771417247E-04
    7     -1.9610233528E-02  -1.0504367118E-02  -6.7646205357E-06   2.5151457897E-04  -7.9391765663E-05
    8     -1.1616109497E-02   7.6887988949E-03   3.4697844717E-05  -1.1952647852E-04   8.6758440730E-05
    9      3.7265259529E-02   2.3647316683E-02  -4.6411644890E-04   3.8468333449E-04  -1.2674548819E-04
   10      3.0895625831E-01   1.4764985776E-01   4.1927769706E-06   5.1855023031E-04  -5.3137099544E-05
   11      1.4764985776E-01   1.4097390824E-01   6.2430185985E-05   7.5627393126E-05   9.9422055520E-05
   12      4.1927769706E-06   6.2430185985E-05   8.0119561439E-02  -5.5491556648E-02   1.0221065540E-02
   13      5.1855023031E-04   7.5627393126E-05  -5.5491556648E-02   3.9261960579E-01  -6.1100920180E-02
   14     -5.3137099544E-05   9.9422055520E-05   1.0221065540E-02  -6.1100920180E-02   8.9996741111E-02
   15      5.0267409003E-04   1.3886667736E-05   1.2754048796E-02  -1.8081250406E-02   7.6794780755E-03
   16      2.2852029381E-04   4.3262978549E-05  -3.1202348229E-02  -3.8710515771E-02   4.4578044973E-02
   17     -5.4873321945E-05   1.4207334092E-04   1.4089556243E-02   3.6514589704E-02  -1.3349019223E-02
   18      3.7408908936E-04   1.8274076426E-04   1.5593855697E-02  -9.1688560233E-05   4.9533566676E-03
   19      4.6136451325E-04   2.9126523191E-04  -6.9666099325E-03  -6.2440679353E-02  -4.4877209223E-02
   20      5.5496483242E-04   5.0022695341E-04   2.2421829294E-03  -2.9352696327E-02   5.5796284630E-03
   21      4.1926989058E-03   9.7550683935E-04   3.4901145381E-04   1.3743499830E-03  -1.9511360926E-03
   22      3.1980704039E-03   2.6069656814E-03  -3.9500264716E-04   4.2846069171E-03  -1.7226423412E-03
   23      2.2700066633E-03   1.8029719722E-03  -6.9813256647E-04  -1.5767783623E-03   1.7353267771E-03
   24     -1.1012221023E-02  -2.9608596161E-03   3.2134965125E-03  -1.8708535021E-03   6.4044596801E-04
   25     -3.8384235796E-02  -2.6528357134E-04   1.5420900713E-03  -2.9725091086E-03   5.3088841941E-04
   26     -3.4141000968E-02   1.4479361491E-03  -8.9942728645E-05  -8.5557357856E-04   9.2542004309E-06
   27     -1.6485180994E-03   1.1047189000E-03  -3.9491448612E-03   5.6666175399E-03  -3.6908661105E-03
   28     -2.8102922397E-03  -1.1993530263E-04   4.0364710355E-02  -3.0865478621E-02   1.9325594145E-02
   29      1.3989059331E-03  -7.9542220488E-04  -9.9084437590E-03   1.0569406755E-02   1.4899448773E-03
   30      2.2960063596E-03   1.4136744827E-03   1.0764829917E-03  -1.1892494792E-03   5.1269494999E-04
   31     -2.3392415326E-01  -9.6912569138E-02  -5.9088465180E-05  -7.6763074696E-04   1.5853104802E-04
   32     -9.7373314393E-02  -1.4175802056E-01  -8.1305311877E-05   2.3258378192E-04  -3.1193202482E-04
   33     -8.2778557467E-04  -3.2387642783E-04  -1.0034377244E-01   6.2800557505E-02  -1.6507461945E-02
   34     -7.2097440866E-04  -4.0046555685E-04   5.2405608572E-02  -2.6620469336E-01   4.2927004059E-02
   35     -5.3724802478E-04  -6.4615867325E-04  -1.5233126397E-02   4.3870310795E-02  -8.7316979844E-02
   36     -3.0222174321E-04  -3.4461586362E-04   1.2193600686E-03   5.2667110179E-04   2.2952943971E-03
   37      3.2123134719E-04   3.0830223910E-04  -1.6374471076E-04   6.7140618241E-04   1.1128847351E-04
   38      7.5550078465E-05   2.4374783574E-04   8.0638112967E-04   5.1069045621E-04   1.4220051662E-03
   39      1.2200200338E-03   2.4009846318E-04  -7.4935305732E-03   4.4456047539E-03  -3.2335721977E-03
   40      3.4847556361E-04  -3.4022549994E-04   8.9529307756E-04   1.2189604824E-03   5.9756250585E-04
   41     -9.6720354516E-04  -5.6798745507E-04  -1.9663674533E-03   1.6425464289E-03  -1.1159460768E-04
   42     -1.9621589153E-03  -4.3540725560E-03   4.0239409369E-05  -1.4667989208E-05  -4.1135896096E-06
   43     -8.7142010347E-03  -4.3314794953E-02  -3.0688048583E-05   4.9724004522E-05  -1.8039628826E-05
   44     -1.3346047082E-02  -1.6942736100E-02   2.1998184736E-04  -2.4721503615E-04   1.2571751227E-04
                   15                 16                 17                 18                 19        
    0     -2.4978882415E-03  -1.6865707378E-05   1.8972092059E-04  -7.9037275285E-04  -2.5889353132E-04
    1     -9.8371227300E-04   6.1061822990E-05  -4.7902309215E-06  -3.2374714353E-04   1.6141056589E-05
    2      1.0356704146E-03  -1.0939428893E-05   5.2912072841E-05   7.3918954332E-04   2.7727902515E-04
    3     -8.1241898293E-04  -1.1110454588E-04   2.7016669360E-04  -9.4049953835E-04  -1.5173481182E-04
    4     -1.3236310798E-03   2.1120381442E-04   3.3493772849E-04  -5.0870900993E-04   4.4662063658E-04
    5     -1.0840063714E-03   5.1472861414E-05   4.0276115795E-04   1.6031326636E-04   3.2479794014E-04
    6     -1.2578651203E-03  -9.1730111045E-05   3.2541331448E-04  -7.7545747934E-04  -1.2221217182E-04
    7      2.8188991362E-04   1.0064942726E-04  -8.6785333182E-05   6.9630061525E-05   1.1160779987E-04
    8     -2.0683482219E-04  -3.8073590194E-05   1.2818984901E-04   6.3555415251E-05   7.5283802153E-05
    9     -3.4597976217E-04   2.1046913662E-05   1.1064009014E-04  -2.5812909786E-04   1.4506002179E-05
   10      5.0267409003E-04   2.2852029381E-04  -5.4873321945E-05   3.7408908936E-04   4.6136451325E-04
   11      1.3886667736E-05   4.3262978549E-05   1.4207334092E-04   1.8274076426E-04   2.9126523191E-04
   12      1.2754048796E-02  -3.1202348229E-02   1.4089556243E-02   1.5593855697E-02  -6.9666099325E-03
   13     -1.8081250406E-02  -3.8710515771E-02   3.6514589704E-02  -9.1688560233E-05  -6.2440679353E-02
   14      7.6794780755E-03   4.4578044973E-02  -1.3349019223E-02   4.9533566676E-03  -4.4877209223E-02
   15      2.0642316831E-01   6.2090708344E-02  -1.4877924552E-01   1.4408984692E-02   6.5586257963E-03
   16      6.2090708344E-02   1.0459416976E-01  -6.6909385256E-02   1.0653713571E-02   1.4800449138E-02
   17     -1.4877924552E-01  -6.6909385256E-02   2.3492038478E-01   3.1024118691E-02  -6.4577460155E-03
   18      1.4408984692E-02   1.0653713571E-02   3.1024118691E-02   8.4254226810E-02   3.5074432983E-02
   19      6.5586257963E-03   1.4800449138E-02  -6.4577460155E-03   3.5074432983E-02   1.6594928973E-01
   20      1.7078411928E-02  -1.4184446620E-02  -6.8418179570E-02   5.6772574570E-02   1.4379211857E-01
   21     -1.6237083856E-02  -1.4312862937E-04   9.5465376408E-04   3.3938001723E-04   6.7837913332E-04
   22     -1.1493681087E-03   1.7488770433E-03   1.3874953555E-04   2.7103712994E-05   8.2861035825E-04
   23     -3.9962943732E-03  -6.4017854652E-05   2.5547907210E-03   7.0708973965E-05   7.1603428508E-04
   24      5.9526728516E-03   4.6452334673E-04  -1.2279862059E-03   3.3895672164E-03   7.6878846021E-04
   25      3.6183631363E-03   1.3984724214E-04  -6.7968174642E-04   7.9270269885E-04  -4.6075667772E-04
   26      3.5217805112E-03  -8.2405659948E-05  -5.3366100195E-04  -1.0519660978E-03  -5.1499147133E-04
   27     -2.7679612193E-02  -2.4766884418E-03   7.6741005976E-03  -4.8239132042E-03  -1.2876423792E-03
   28     -1.4908435548E-02   5.2644861490E-03   4.3236917337E-03  -2.0646274331E-02   2.3960217251E-03
   29      3.6199671970E-02   3.5537475698E-03  -2.7635241539E-03  -3.6819119767E-02  -9.1270133524E-03
   30      1.0747378292E-03  -4.7213346046E-05  -2.0726621700E-04   9.6659929223E-04   9.8513313860E-05
   31     -1.3737420420E-03  -4.1845590802E-04   2.9012882759E-04  -5.6968511382E-04  -6.2273211801E-04
   32      3.1592927059E-04   9.8912046344E-06  -3.8471892253E-04  -2.7229155690E-04  -4.3530603086E-04
   33     -1.9307098173E-01  -3.8368576334E-02   9.3824815606E-02  -1.0488271185E-01  -3.2217848370E-02
   34     -3.4988198652E-02  -8.9570824862E-02   3.3038724167E-02  -2.6004360976E-02  -1.2443808932E-01
   35      8.6954081992E-02   3.3182583280E-02  -1.5434631438E-01  -5.4709258542E-02  -8.3593239523E-02
   36      6.6282928701E-04   1.2803443898E-03   1.5505726279E-03  -7.5118344778E-03  -1.5246392191E-04
   37     -8.9273114398E-04  -2.5435993585E-04   5.2545590210E-04   1.5029355319E-03   1.5396833787E-03
   38      4.9473378584E-04   1.1959831369E-03   1.6454122009E-03  -1.7846366517E-03   2.1056809546E-04
   39      6.6997096355E-04  -1.8938749174E-03   1.5616259149E-04   9.9044573736E-04  -2.1595527888E-03
   40      3.7435064779E-04   1.7949455200E-03  -7.6922961542E-04  -1.8889188220E-04   1.4164433352E-03
   41      7.7315593690E-04  -1.4823447322E-03  -9.1048607169E-05   6.8648343664E-04  -7.0008961103E-04
   42     -4.4582846878E-05  -1.8270060863E-05   3.7522698332E-05   3.9858935635E-05   5.3502143443E-06
   43      1.3392108324E-04   9.9462668590E-06  -4.0801977563E-05  -4.2888627516E-05  -3.9742043364E-06
   44      6.6346441092E-06  -6.3569644523E-06   3.9941730348E-05   2.3513724356E-04   1.2087058635E-04
                   20                 21                 22                 23                 24        
    0     -9.7707259406E-04  -5.6953017021E-02  -2.7906482067E-02   5.0155123133E-02  -1.0836499459E-01
    1     -4.0129047187E-04  -2.2118215931E-02  -3.8680226350E-04   1.2752919167E-02  -2.5769020222E-02
    2      9.8409202975E-04   2.6619586689E-02   7.2080191436E-03   2.5758059673E-03   7.5037531505E-02
    3     -4.3906154327E-04  -1.1865229624E-02  -4.2453244099E-02  -2.7405601617E-02  -7.5080042431E-02
    4      4.5124387841E-04  -3.5095015372E-02  -1.9010351208E-02  -2.2970705524E-02   1.7404102096E-02
    5      7.8016912639E-04  -2.9378972928E-02  -2.9781709228E-02  -1.1754302849E-02   9.2864766834E-03
    6     -4.7267795443E-04  -9.5618137953E-03   6.1887361575E-03  -4.5955658224E-03  -4.4863869586E-02
    7      4.4040602708E-05   6.1577282508E-03  -1.3214142528E-03   3.2665158423E-03   1.6422619797E-02
    8      2.0111871871E-04  -4.7435841993E-03   1.8616095878E-03  -1.6834508201E-03  -1.5631896090E-02
    9     -1.2897684267E-04   1.7945156774E-03   2.7134697191E-03   1.9798439533E-03   1.4427680473E-03
   10      5.5496483242E-04   4.1926989058E-03   3.1980704039E-03   2.2700066633E-03  -1.1012221023E-02
   11      5.0022695341E-04   9.7550683935E-04   2.6069656814E-03   1.8029719722E-03  -2.9608596161E-03
   12      2.2421829294E-03   3.4901145381E-04  -3.9500264716E-04  -6.9813256647E-04   3.2134965125E-03
   13     -2.9352696327E-02   1.3743499830E-03   4.2846069171E-03  -1.5767783623E-03  -1.8708535021E-03
   14      5.5796284630E-03  -1.9511360926E-03  -1.7226423412E-03   1.7353267771E-03   6.4044596801E-04
   15      1.7078411928E-02  -1.6237083856E-02  -1.1493681087E-03  -3.9962943732E-03   5.9526728516E-03
   16     -1.4184446620E-02  -1.4312862937E-04   1.7488770433E-03  -6.4017854652E-05   4.6452334673E-04
   17     -6.8418179570E-02   9.5465376408E-04   1.3874953555E-04   2.5547907210E-03  -1.2279862059E-03
   18      5.6772574570E-02   3.3938001723E-04   2.7103712994E-05   7.0708973965E-05   3.3895672164E-03
   19      1.4379211857E-01   6.7837913332E-04   8.2861035825E-04   7.1603428508E-04   7.6878846021E-04
   20      3.1269425445E-01  -1.9824079221E-03   6.8027720565E-05   3.1758119819E-03   1.7816403238E-03
   21     -1.9824079221E-03   5.0772544047E-01   1.2429018045E-01  -4.4239965391E-02  -2.3262671380E-01
   22      6.8027720565E-05   1.2429018045E-01   1.4648732536E-01  -3.6736459263E-02  -2.3576717445E-02
   23      3.1758119819E-03  -4.4239965391E-02  -3.6736459263E-02   3.2625421669E-01  -4.3807891669E-02
   24      1.7816403238E-03  -2.3262671380E-01  -2.3576717445E-02  -4.3807891669E-02   5.6827908499E-01
   25     -1.2689472759E-04  -7.5764987683E-03  -6.9558456843E-02   6.4359870765E-03  -6.6704622467E-03
   26     -6.4382502626E-04  -6.9964956434E-02  -4.6943196827E-03  -1.1704251996E-01  -1.6859510678E-02
   27     -7.8230306089E-03  -1.2484196362E-01  -3.0641710827E-02   4.2592732169E-02  -4.2735828145E-02
   28     -1.9314662096E-02  -2.8503074294E-02  -7.3409440559E-02   2.6676371734E-02  -1.1621660563E-02
   29     -2.9313701280E-02   6.8166009602E-02   3.7317875198E-02  -1.7102267267E-01   1.4856595574E-02
   30      7.8701745400E-04  -2.7414226560E-02   1.1843397444E-02  -1.8038550956E-02  -8.7066965615E-02
   31     -6.3079117883E-04  -2.0866826475E-02   5.1921623551E-03  -9.5472466971E-03   4.9403946633E-02
   32     -9.5044488897E-04  -5.7658326873E-03  -1.6437681794E-05   2.8822750383E-03  -1.6205819776E-02
   33     -6.2994038374E-02  -2.1416008771E-02  -7.2127389739E-04   5.5319999665E-03  -1.2871585537E-02
   34     -8.2608236954E-02  -1.6911635475E-02  -4.0742964140E-03  -1.2321078777E-03   5.5503325097E-04
   35     -2.2538089107E-01   4.2450171929E-02   2.3037602117E-03  -3.4272809224E-05  -1.7691756460E-03
   36     -5.1034276626E-03  -4.1611607878E-03   8.9125471008E-03   2.6898691420E-02   4.3004812222E-03
   37      1.6226840242E-03   1.5543717254E-03   8.9202276874E-03   1.1997109328E-02  -2.5455644720E-05
   38     -2.7196184140E-04   1.0268900631E-02  -7.2743927299E-03  -2.7190381937E-02  -5.6090985973E-03
   39      9.7427961506E-04  -5.1630167514E-03  -2.6379512528E-02   1.3535100997E-02   6.0216139042E-03
   40      1.5967060025E-05  -9.5869407750E-03  -2.6260882519E-03   8.8393678301E-03   3.7856341485E-03
   41      7.5830415777E-04   1.0983640807E-02   2.8570715896E-02  -1.2703256918E-02  -5.7015681595E-03
   42      3.3680725428E-05   3.1886970086E-05  -7.6171887963E-04   1.8995249611E-03   1.1010314967E-02
   43     -3.2650624806E-05   2.5632231825E-03  -2.7303033138E-04  -8.4469854842E-04  -8.3779064218E-03
   44      3.0539779613E-04  -2.2733377867E-03   1.6794015273E-04   4.4965881696E-04   8.3747289368E-03
                   25                 26                 27                 28                 29        
    0     -3.0453855157E-02   7.8407618776E-02  -1.4797957100E-03  -1.6399598248E-04  -7.1572278198E-03
    1     -1.0488754210E-01   6.8090028583E-02  -9.4555700787E-04   3.4958073896E-03  -2.3769386823E-03
    2      7.3328399096E-02  -2.4125555470E-01  -2.0057441516E-03  -7.0685921657E-04   4.8285057205E-03
    3      9.3348179662E-03   2.7262066855E-03   2.5526939866E-03   5.9668005164E-04  -3.7948632064E-03
    4     -2.0230079395E-01  -6.1678314187E-02   4.8466269274E-03   1.4281291154E-03  -8.0635412261E-03
    5     -7.2004733512E-02  -1.1005271558E-01   6.5526301384E-03   1.6559495068E-04  -7.7152825287E-03
    6     -1.7515330633E-02   3.9076092223E-03   3.0103911207E-03   3.9768061984E-04  -2.7470986980E-03
    7      6.4967009084E-03  -3.0980247065E-03  -1.6832447153E-03  -1.2172972439E-03   1.4380602722E-03
    8     -1.7450319874E-03   1.1624171848E-03   1.4174397362E-03   2.7965420757E-04  -1.2700430081E-03
    9      7.9978736640E-03   7.9091458362E-03  -7.0516565464E-05  -5.9023984595E-04  -6.6728243032E-04
   10     -3.8384235796E-02  -3.4141000968E-02  -1.6485180994E-03  -2.8102922397E-03   1.3989059331E-03
   11     -2.6528357134E-04   1.4479361491E-03   1.1047189000E-03  -1.1993530263E-04  -7.9542220488E-04
   12      1.5420900713E-03  -8.9942728645E-05  -3.9491448612E-03   4.0364710355E-02  -9.9084437590E-03
   13     -2.9725091086E-03  -8.5557357856E-04   5.6666175399E-03  -3.0865478621E-02   1.0569406755E-02
   14      5.3088841941E-04   9.2542004309E-06  -3.6908661105E-03   1.9325594145E-02   1.4899448773E-03
   15      3.6183631363E-03   3.5217805112E-03  -2.7679612193E-02  -1.4908435548E-02   3.6199671970E-02
   16      1.3984724214E-04  -8.2405659948E-05  -2.4766884418E-03   5.2644861490E-03   3.5537475698E-03
   17     -6.7968174642E-04  -5.3366100195E-04   7.6741005976E-03   4.3236917337E-03  -2.7635241539E-03
   18      7.9270269885E-04  -1.0519660978E-03  -4.8239132042E-03  -2.0646274331E-02  -3.6819119767E-02
   19     -4.6075667772E-04  -5.1499147133E-04  -1.2876423792E-03   2.3960217251E-03  -9.1270133524E-03
   20     -1.2689472759E-04  -6.4382502626E-04  -7.8230306089E-03  -1.9314662096E-02  -2.9313701280E-02
   21     -7.5764987683E-03  -6.9964956434E-02  -1.2484196362E-01  -2.8503074294E-02   6.8166009602E-02
   22     -6.9558456843E-02  -4.6943196827E-03  -3.0641710827E-02  -7.3409440559E-02   3.7317875198E-02
   23      6.4359870765E-03  -1.1704251996E-01   4.2592732169E-02   2.6676371734E-02  -1.7102267267E-01
   24     -6.6704622467E-03  -1.6859510678E-02  -4.2735828145E-02  -1.1621660563E-02   1.4856595574E-02
   25      5.3663155584E-01  -5.7286813731E-02  -1.6789716808E-02  -1.3679726052E-02   9.8256302717E-03
   26     -5.7286813731E-02   5.7591954547E-01   2.6843208277E-02   7.7622613048E-03   1.1035876227E-02
   27     -1.6789716808E-02   2.6843208277E-02   5.1072331828E-01   1.6732324190E-03   3.6017195199E-02
   28     -1.3679726052E-02   7.7622613048E-03   1.6732324190E-03   6.2554645123E-01   3.7953592059E-02
   29      9.8256302717E-03   1.1035876227E-02   3.6017195199E-02   3.7953592059E-02   5.5468356789E-01
   30      5.5986493195E-02  -3.1519974304E-02  -2.0958834902E-03   2.6428880015E-03  -1.1453188990E-04
   31     -1.1906860694E-01   6.2824428610E-02   5.5891405359E-03   6.0618928466E-03  -5.1328480505E-03
   32      5.0464188281E-02  -9.6324341576E-02  -4.9684461321E-03  -8.2036565730E-04   3.5788944688E-03
   33     -4.1890569907E-03   5.4540305488E-04  -1.8597753513E-01   2.1374316271E-02  -4.1803857076E-02
   34      3.0195269164E-03   2.7040092673E-03   2.8545495285E-02  -7.6998179537E-02   3.1141978278E-03
   35     -2.5182304091E-03  -5.2236408423E-03  -5.8626324291E-02   2.4691436640E-03  -8.0077704527E-02
   36      4.3986364290E-03   5.2073817196E-03  -6.2785592294E-02  -2.2768107281E-02  -3.9800294180E-02
   37      2.3561931792E-03   8.3397743030E-06  -2.5328349394E-02  -1.4304432293E-01  -1.2499083052E-01
   38     -4.4509689571E-03  -3.8786492001E-03  -3.6422429936E-02  -1.1756924001E-01  -2.2118127473E-01
   39     -1.7418492883E-03   2.6758150744E-03  -5.9103264912E-02   3.2410288738E-02  -1.1665763876E-02
   40     -8.3318492709E-06   1.3360672124E-03   3.4689816973E-02  -3.0223885590E-01   4.3581763186E-02
   41     -5.4236552649E-04  -2.6294015996E-03  -9.7824173038E-03   3.9090097278E-02  -6.0497698980E-02
   42      1.3854420664E-03  -1.2461431467E-02  -7.4335325491E-04  -2.6732523163E-04  -7.1257501663E-04
   43      2.6771352273E-03   2.0087917852E-02  -2.0018538561E-04   7.0804620015E-05   9.3491701622E-04
   44     -1.4266975945E-03  -1.1990719744E-02   1.0688188901E-03   4.8813694986E-04  -9.7946510529E-04
                   30                 31                 32                 33                 34        
    0      9.9253139865E-05   9.6749494403E-04  -1.8667072247E-03   3.5648421266E-03  -1.5635397967E-03
    1     -1.8025966959E-02  -5.0693743336E-03   3.5066076084E-02   1.4775196228E-03  -1.1706717378E-03
    2      2.2619080539E-02   1.0312897938E-02  -4.0369589545E-02  -2.4149098666E-03   7.0000562518E-04
    3      5.5325854387E-03   1.0820548198E-02   8.8755081033E-03   2.6677742753E-03  -3.7635004176E-04
    4     -5.0979039461E-03  -3.5441495986E-02  -3.5095792367E-02   2.4423059705E-03  -2.4057555025E-03
    5     -2.8253902360E-03  -4.9038085923E-03  -1.9037617692E-03   8.3472282925E-04  -6.2548698933E-04
    6     -3.0043713371E-01  -2.3121596102E-02   2.3744193879E-02   3.1516878829E-03  -4.2338814373E-04
    7     -3.5117619773E-02  -7.4087396999E-02   7.7186099004E-03  -2.6382015830E-04  -2.9299038706E-04
    8      2.0012056848E-02   4.6940681765E-03  -7.9477743030E-02  -1.1509377008E-05  -2.7498372526E-06
    9     -6.8177781922E-02  -1.0228862935E-02  -5.5242899599E-03   1.3353773242E-03  -1.1722110842E-04
   10      2.2960063596E-03  -2.3392415326E-01  -9.7373314393E-02  -8.2778557467E-04  -7.2097440866E-04
   11      1.4136744827E-03  -9.6912569138E-02  -1.4175802056E-01  -3.2387642783E-04  -4.0046555685E-04
   12      1.0764829917E-03  -5.9088465180E-05  -8.1305311877E-05  -1.0034377244E-01   5.2405608572E-02
   13     -1.1892494792E-03  -7.6763074696E-04   2.3258378192E-04   6.2800557505E-02  -2.6620469336E-01
   14      5.1269494999E-04   1.5853104802E-04  -3.1193202482E-04  -1.6507461945E-02   4.2927004059E-02
   15      1.0747378292E-03  -1.3737420420E-03   3.1592927059E-04  -1.9307098173E-01  -3.4988198652E-02
   16     -4.7213346046E-05  -4.1845590802E-04   9.8912046344E-06  -3.8368576334E-02  -8.9570824862E-02
   17     -2.0726621700E-04   2.9012882759E-04  -3.8471892253E-04   9.3824815606E-02   3.3038724167E-02
   18      9.6659929223E-04  -5.6968511382E-04  -2.7229155690E-04  -1.0488271185E-01  -2.6004360976E-02
   19      9.8513313860E-05  -6.2273211801E-04  -4.3530603086E-04  -3.2217848370E-02  -1.2443808932E-01
   20      7.8701745400E-04  -6.3079117883E-04  -9.5044488897E-04  -6.2994038374E-02  -8.2608236954E-02
   21     -2.7414226560E-02  -2.0866826475E-02  -5.7658326873E-03  -2.1416008771E-02  -1.6911635475E-02
   22      1.1843397444E-02   5.1921623551E-03  -1.6437681794E-05  -7.2127389739E-04  -4.0742964140E-03
   23     -1.8038550956E-02  -9.5472466971E-03   2.8822750383E-03   5.5319999665E-03  -1.2321078777E-03
   24     -8.7066965615E-02   4.9403946633E-02  -1.6205819776E-02  -1.2871585537E-02   5.5503325097E-04
   25      5.5986493195E-02  -1.1906860694E-01   5.0464188281E-02  -4.1890569907E-03   3.0195269164E-03
   26     -3.1519974304E-02   6.2824428610E-02  -9.6324341576E-02   5.4540305488E-04   2.7040092673E-03
   27     -2.0958834902E-03   5.5891405359E-03  -4.9684461321E-03  -1.8597753513E-01   2.8545495285E-02
   28      2.6428880015E-03   6.0618928466E-03  -8.2036565730E-04   2.1374316271E-02  -7.6998179537E-02
   29     -1.1453188990E-04  -5.1328480505E-03   3.5788944688E-03  -4.1803857076E-02   3.1141978278E-03
   30      5.5564202574E-01  -7.4669330790E-03  -5.6631999102E-02  -3.4648913689E-03   7.0049485957E-04
   31     -7.4669330790E-03   5.2340078682E-01  -5.7651220717E-03   1.5747060766E-03   7.8084920204E-04
   32     -5.6631999102E-02  -5.7651220717E-03   6.4678385028E-01   8.7967352770E-05   3.4998529199E-04
   33     -3.4648913689E-03   1.5747060766E-03   8.7967352770E-05   6.1067417921E-01  -1.4429590332E-02
   34      7.0049485957E-04   7.8084920204E-04   3.4998529199E-04  -1.4429590332E-02   5.6823323348E-01
   35     -1.1401428894E-03   9.5110578622E-04   1.0471062253E-03   2.8957777712E-02  -2.6117018913E-03
   36     -5.0157686170E-04  -5.6852784504E-05   8.7086160082E-04  -2.2777980031E-05  -2.1209764458E-02
   37      2.1830668452E-04  -4.8365149450E-04  -1.0952125966E-03   2.4923737066E-03   2.2910341869E-03
   38      6.2349344451E-05   4.7328072865E-04  -4.5580259968E-04  -2.1737281098E-03  -8.9049485921E-03
   39     -1.3629001698E-03  -2.1632973656E-03  -7.2913552157E-04   8.8734489352E-04   3.3575615048E-02
   40     -9.0106998106E-04  -1.1715392723E-03   1.0174588963E-03  -1.0607532680E-03  -8.4251296466E-03
   41      3.6931700467E-04   1.7955242776E-03   8.9802195415E-04  -3.1637934069E-03   1.3557162997E-02
   42     -7.3870324741E-02  -2.5355668520E-03   5.8134407746E-02  -2.3094090460E-04   7.8516334243E-05
   43     -5.8535284692E-03  -6.4380654168E-02   4.5901090359E-02   8.0211408108E-05  -2.3038607062E-05
   44      6.4718624292E-02   4.1234087335E-02  -2.9325379305E-01  -6.6011022196E-04  -1.9847460006E-05
                   35                 36                 37                 38                 39        
    0      3.5365448287E-03  -2.7887578762E-04   1.8297733044E-04   6.3165225938E-04  -1.3802885751E-03
    1      1.7905116726E-03  -5.7744283679E-04  -4.1064515230E-04   5.5290154881E-04   4.7480389703E-04
    2     -2.0435272847E-03  -7.4917950547E-04  -1.6671495426E-04   3.2196984866E-04   2.7370999454E-04
    3     -1.1384070263E-04  -7.7097567013E-04  -7.0189626814E-04  -9.0118819860E-04  -9.1204731730E-04
    4      1.4330305361E-04  -2.0857330967E-03  -1.1685207003E-03   2.0619190953E-03  -2.6662992522E-04
    5     -6.1081678551E-05  -1.6417381184E-03   7.2589959012E-04   3.1330332428E-03  -9.3548587645E-04
    6      5.7537019586E-04  -1.0500531698E-04  -3.2333435283E-04   2.2750576554E-04   1.8998694143E-04
    7     -8.7438049369E-05   1.0966423312E-04  -3.4561253296E-05  -1.2248323257E-04   3.3768471254E-04
    8     -1.3665238888E-04  -2.3664237852E-04   2.3266601297E-04   2.3045661207E-04  -1.4491063480E-04
    9      2.2739518645E-04  -1.2236519404E-04   2.0599979122E-04  -1.3406773396E-05   7.2561661281E-04
   10     -5.3724802478E-04  -3.0222174321E-04   3.2123134719E-04   7.5550078465E-05   1.2200200338E-03
   11     -6.4615867325E-04  -3.4461586362E-04   3.0830223910E-04   2.4374783574E-04   2.4009846318E-04
   12     -1.5233126397E-02   1.2193600686E-03  -1.6374471076E-04   8.0638112967E-04  -7.4935305732E-03
   13      4.3870310795E-02   5.2667110179E-04   6.7140618241E-04   5.1069045621E-04   4.4456047539E-03
   14     -8.7316979844E-02   2.2952943971E-03   1.1128847351E-04   1.4220051662E-03  -3.2335721977E-03
   15      8.6954081992E-02   6.6282928701E-04  -8.9273114398E-04   4.9473378584E-04   6.6997096355E-04
   16      3.3182583280E-02   1.2803443898E-03  -2.5435993585E-04   1.1959831369E-03  -1.8938749174E-03
   17     -1.5434631438E-01   1.5505726279E-03   5.2545590210E-04   1.6454122009E-03   1.5616259149E-04
   18     -5.4709258542E-02  -7.5118344778E-03   1.5029355319E-03  -1.7846366517E-03   9.9044573736E-04
   19     -8.3593239523E-02  -1.5246392191E-04   1.5396833787E-03   2.1056809546E-04  -2.1595527888E-03
   20     -2.2538089107E-01  -5.1034276626E-03   1.6226840242E-03  -2.7196184140E-04   9.7427961506E-04
   21      4.2450171929E-02  -4.1611607878E-03   1.5543717254E-03   1.0268900631E-02  -5.1630167514E-03
   22      2.3037602117E-03   8.9125471008E-03   8.9202276874E-03  -7.2743927299E-03  -2.6379512528E-02
   23     -3.4272809224E-05   2.6898691420E-02   1.1997109328E-02  -2.7190381937E-02   1.3535100997E-02
   24     -1.7691756460E-03   4.3004812222E-03  -2.5455644720E-05  -5.6090985973E-03   6.0216139042E-03
   25     -2.5182304091E-03   4.3986364290E-03   2.3561931792E-03  -4.4509689571E-03  -1.7418492883E-03
   26     -5.2236408423E-03   5.2073817196E-03   8.3397743030E-06  -3.8786492001E-03   2.6758150744E-03
   27     -5.8626324291E-02  -6.2785592294E-02  -2.5328349394E-02  -3.6422429936E-02  -5.9103264912E-02
   28      2.4691436640E-03  -2.2768107281E-02  -1.4304432293E-01  -1.1756924001E-01   3.2410288738E-02
   29     -8.0077704527E-02  -3.9800294180E-02  -1.2499083052E-01  -2.2118127473E-01  -1.1665763876E-02
   30     -1.1401428894E-03  -5.0157686170E-04   2.1830668452E-04   6.2349344451E-05  -1.3629001698E-03
   31      9.5110578622E-04  -5.6852784504E-05  -4.8365149450E-04   4.7328072865E-04  -2.1632973656E-03
   32      1.0471062253E-03   8.7086160082E-04  -1.0952125966E-03  -4.5580259968E-04  -7.2913552157E-04
   33      2.8957777712E-02  -2.2777980031E-05   2.4923737066E-03  -2.1737281098E-03   8.8734489352E-04
   34     -2.6117018913E-03  -2.1209764458E-02   2.2910341869E-03  -8.9049485921E-03   3.3575615048E-02
   35      5.6710816297E-01  -2.6724519936E-02   5.0844523746E-03  -1.0859065596E-02  -4.1317631917E-03
   36     -2.6724519936E-02   6.7419885918E-02   2.7812670231E-02   3.3777281307E-02   2.8710683545E-03
   37      5.0844523746E-03   2.7812670231E-02   1.4372695124E-01   1.3032529718E-01  -6.7639986048E-03
   38     -1.0859065596E-02   3.3777281307E-02   1.3032529718E-01   2.4814820655E-01   5.7941345688E-04
   39     -4.1317631917E-03   2.8710683545E-03  -6.7639986048E-03   5.7941345688E-04   6.3713788986E-02
   40     -2.8553474605E-04   3.7809577956E-03  -1.4280467367E-02   3.1350880971E-03  -3.1241522296E-02
   41     -1.9506068699E-03   4.1866273837E-03  -2.5053042094E-02   8.4131478423E-03   2.5208174861E-03
   42      1.7408037305E-05  -2.1346048046E-04   2.2624652384E-04   6.3225906533E-05  -6.5478809446E-04
   43     -1.4732226948E-04   3.3472343446E-04  -1.5019836957E-04  -2.0109018848E-04   1.5050192381E-04
   44     -7.8373233959E-05  -1.9324813078E-04   3.4615055541E-04   2.7915660964E-04  -1.1107015623E-04
                   40                 41                 42                 43                 44        
    0     -6.5739773093E-04   1.2269988244E-03  -5.1737399162E-04   1.0080401258E-03  -1.2705687634E-03
    1      9.0182342441E-05  -1.5823031316E-04   3.8989622122E-03  -4.3603765998E-03   2.1288929406E-03
    2      6.4246445872E-05  -3.4089594037E-04  -4.0715413046E-03   4.4057460646E-03  -1.2976922899E-03
    3     -5.8349329355E-04   2.0827185434E-04  -5.3494543385E-04   1.3441385501E-04  -5.6486834247E-04
    4     -2.1294172975E-04   8.2347327010E-04  -4.9185274974E-04   1.2185542661E-03   8.0486502623E-04
    5     -2.9225486779E-04   1.4335768222E-03   6.5988319570E-04  -7.7167802166E-04   2.8434887219E-03
    6      4.2435779227E-05   3.8322127673E-04  -3.1618815400E-02  -7.8601075268E-03   4.4854002030E-03
    7      3.5623734505E-04  -3.8420784297E-04  -1.2711791357E-02   5.5041689063E-03   1.7931088521E-03
    8     -3.5046263263E-04   4.5097114869E-05   3.5487991006E-02   5.7646440646E-03   7.9523555947E-03
    9      5.5290237336E-04  -5.7219789717E-04   8.7426841507E-03   4.8788355100E-03   5.4344227185E-04
   10      3.4847556361E-04  -9.6720354516E-04  -1.9621589153E-03  -8.7142010347E-03  -1.3346047082E-02
   11     -3.4022549994E-04  -5.6798745507E-04  -4.3540725560E-03  -4.3314794953E-02  -1.6942736100E-02
   12      8.9529307756E-04  -1.9663674533E-03   4.0239409369E-05  -3.0688048583E-05   2.1998184736E-04
   13      1.2189604824E-03   1.6425464289E-03  -1.4667989208E-05   4.9724004522E-05  -2.4721503615E-04
