
$orca_hessian_file

$act_atom
  0

$act_coord
  0

$act_energy
        0.000000

$multiplicity
  1

$hessian
45
                    0                  1                  2                  3                  4        
    0      7.3490219366E-02  -1.4771973205E-02   3.4353447323E-03   1.1647190588E-02  -4.2365054763E-03
    1     -1.4771973205E-02   2.5430776631E-01  -1.2032687917E-01  -2.5440538654E-03   7.6171835409E-03
    2      3.4353447323E-03  -1.2032687917E-01   1.5092545560E-01   7.7044243945E-03   4.1377803160E-02
    3      1.1647190588E-02  -2.5440538654E-03   7.7044243945E-03   8.1216342809E-02  -2.0353111025E-02
    4     -4.2365054763E-03   7.6171835409E-03   4.1377803160E-02  -2.0353111025E-02   9.1786719509E-02
    5      7.5861707025E-03   2.5645747081E-02  -6.8042763640E-02  -5.1722593475E-02   6.6788383191E-02
    6     -2.9251381944E-03  -6.9078829250E-03  -2.7975855677E-04   6.3288470893E-04   5.0746132976E-04
    7     -6.8437653465E-03  -8.5002197258E-03  -7.3843155844E-04  -4.6167360397E-04   2.7518243825E-03
    8      1.0430423156E-03  -1.3855023392E-03   2.1214753601E-03   4.2621117268E-04   2.1310206922E-05
    9      1.4161255526E-03  -3.6191935470E-03   1.8941583073E-04   3.4824756763E-03  -2.5055306965E-03
   10     -2.9352834663E-03   4.0349466871E-03  -1.9074990326E-03  -8.6108775737E-04   2.4038704357E-03
   11      9.8935594962E-04  -1.0705042228E-03   1.2767128728E-03  -8.5938853815E-04   2.2442178003E-03
   12     -4.8457735427E-04   5.5086051167E-04  -3.5750648605E-04  -9.7243334979E-04   2.3004223578E-04
   13      1.4189604251E-04   1.2119533223E-04   2.2469235771E-06   1.4775699974E-04   1.3086365617E-04
   14      4.2713072186E-04  -1.0133580044E-03   1.1349918800E-03   4.6904369457E-04   3.3720402224E-04
   15     -7.3246530202E-04   1.7857810767E-03  -6.9209373475E-04  -1.0388690273E-03   9.7759420463E-04
   16     -9.6143197248E-05   2.7108626096E-04  -2.7199008484E-05  -9.7389092369E-05   1.7767535271E-04
   17     -2.7660085287E-05  -8.1754766294E-05   1.8125134235E-04  -1.2888774237E-04   1.3699652097E-04
   18     -9.3533605919E-04   3.5685697628E-04  -3.6120474369E-04  -6.3061866864E-04   7.2128469934E-05
   19      6.1829559113E-04   9.6276158272E-04  -2.4864137878E-04   5.5490822868E-04   2.2115137962E-04
   20      5.6499181761E-05  -2.9237014486E-04   2.6244513867E-04  -1.5962104263E-04   3.2631132204E-05
   21     -1.3992415937E-02   4.4667895123E-02  -1.6244431200E-02  -2.4158077841E-02   2.7231849737E-02
   22      4.7503480977E-02  -4.1913007834E-02   1.6807801442E-02   2.6152751124E-02  -4.1934885553E-03
   23     -2.0376238205E-02   2.1547640009E-02   5.5954113763E-03   4.7094120017E-02  -2.8026826471E-02
   24     -7.7574366126E-02  -2.1041789120E-02   4.3499069716E-03  -7.9834010312E-02  -2.6759672177E-03
   25     -9.7680316426E-03  -1.8120128623E-01   5.5179772285E-02   2.1118809288E-03  -8.8851605564E-02
   26     -2.3467819669E-03   5.1139845916E-02  -9.3996187058E-02   1.3261457064E-02  -5.0764784502E-02
   27      3.8816177486E-03  -9.3346766443E-03   2.8405743285E-03   4.8300096078E-03  -4.9862343350E-03
   28      2.4258019782E-03  -5.6012898112E-03   2.0669698111E-03   3.1765831969E-03  -3.2090120965E-03
   29      1.0063541162E-03  -3.3899582635E-03   1.1658078977E-03   1.7827634629E-03  -9.0209809259E-04
   30      4.8612700526E-03   8.9104938854E-03  -2.3615440675E-03   6.0358522238E-03   8.4745372441E-03
   31     -1.3128149693E-02  -3.4008306524E-02   6.9578312114E-03  -4.4979582108E-03  -6.9123463709E-03
   32      9.9600294694E-03   2.8313964339E-02   3.2652504808E-05  -1.7857322380E-02  -3.1693298987E-02
   33      2.7732717940E-03  -2.2666463204E-03   1.5310442837E-03   3.2460758942E-03  -9.2028786478E-04
   34      2.3396072786E-06   4.0821401317E-05  -9.4420588310E-05  -5.7949722808E-04   9.3644542019E-05
   35     -7.7675552096E-04   1.4587290112E-03  -1.5222302193E-03   4.1224018779E-04  -8.5438349324E-05
   36     -4.6674172664E-04   3.0797726570E-03  -1.2777392183E-03  -6.3897091579E-04   8.3077298322E-04
   37      1.0815242515E-03   2.2895379970E-03  -3.4863353956E-04  -2.1236069803E-04   5.1523734423E-04
   38     -4.5248355321E-04   1.9277224611E-04  -8.0133090653E-04  -2.4511048408E-04  -2.7910326166E-04
   39     -5.6728633530E-04   8.5328864269E-04   2.1793540136E-04  -9.3150805889E-04   1.1054761414E-03
   40      2.8474670574E-05   6.5328039890E-04  -2.3228547270E-04  -3.0722867305E-04   3.0943845641E-04
   41     -2.5529323084E-04   4.6316677871E-04   8.7503745676E-05   7.3135037485E-04   1.1148156209E-03
   42     -3.9136806738E-04   5.7307818187E-06   1.4803659201E-03  -2.8863433358E-03  -3.6955923469E-03
   43      2.5357488100E-04   9.2553061395E-04   1.3751163209E-03  -2.2861537075E-03  -2.8411560121E-03
   44     -4.4344848296E-04  -1.0450898748E-03   1.5788041045E-03  -1.0059747516E-03  -4.7808238707E-04
                    5                  6                  7                  8                  9        
    0      7.5861707025E-03  -2.9251381944E-03  -6.8437653465E-03   1.0430423156E-03   1.4161255526E-03
    1      2.5645747081E-02  -6.9078829250E-03  -8.5002197258E-03  -1.3855023392E-03  -3.6191935470E-03
    2     -6.8042763640E-02  -2.7975855677E-04  -7.3843155844E-04   2.1214753601E-03   1.8941583073E-04
    3     -5.1722593475E-02   6.3288470893E-04  -4.6167360397E-04   4.2621117268E-04   3.4824756763E-03
    4      6.6788383191E-02   5.0746132976E-04   2.7518243825E-03   2.1310206922E-05  -2.5055306965E-03
    5      3.1898276337E-01  -1.0599627385E-03  -1.9049624986E-03   6.8586628433E-03  -1.8516942720E-03
    6     -1.0599627385E-03   6.8603112494E-02   5.1147471423E-03  -6.0233794728E-03  -4.4678080240E-03
    7     -1.9049624986E-03   5.1147471423E-03   2.6639582629E-01  -1.5390401423E-01   3.5022811911E-02
    8      6.8586628433E-03  -6.0233794728E-03  -1.5390401423E-01   1.6749045149E-01  -2.0921008329E-02
    9     -1.8516942720E-03  -4.4678080240E-03   3.5022811911E-02  -2.0921008329E-02   3.1857512813E-01
   10      2.0011502588E-03   4.3285493541E-02  -3.9750587058E-02   1.8079161482E-02  -1.2448674856E-01
   11      4.4123855232E-03  -2.6285162946E-02   2.0732025214E-02   6.9719704454E-03  -1.6168272620E-02
   12      1.9723202966E-04  -1.9883701110E-04  -2.6184339368E-04   5.5249799255E-05  -4.9712076729E-04
   13      1.8655774014E-04   4.1135677732E-05   3.0155810589E-04  -9.2274842042E-05   1.2879629608E-04
   14      1.1308552267E-03   1.4173457887E-04  -1.6093743179E-05   3.6733696575E-04   4.8297988805E-04
   15      1.5517440034E-03  -4.0931133588E-04  -5.4573441434E-04   1.9700102159E-04  -1.6746832102E-03
   16      1.4857275580E-04  -5.9498695391E-05   2.4399108170E-04  -9.6790183645E-05  -9.5396872994E-05
   17      3.0777899503E-04  -2.9843056741E-05  -2.8627179101E-06   9.8105827308E-05  -2.8419653252E-05
   18      4.2652378978E-04  -2.1900127122E-04  -2.6533655198E-04   6.6839062962E-05  -4.9975292954E-04
   19     -3.4272835973E-04   1.1505854697E-04   1.0849616084E-03  -5.2917043668E-04   3.8273597676E-04
   20      3.1347027406E-04   1.9579346908E-05  -2.2692068629E-04   2.4143827137E-04   2.6187402280E-05
   21      3.9265995378E-02  -1.2728805992E-03  -4.1737871045E-03   1.3273871471E-03  -1.1908783751E-02
   22     -2.0737694159E-02  -1.8530541273E-03   1.3001196413E-03  -7.4128972253E-04  -7.5994127823E-03
   23     -1.9897301369E-02  -3.6658835985E-04  -2.1935786222E-03   2.1720865964E-03  -4.6958749437E-03
   24      3.6758121685E-03   3.3470640802E-03   3.1376627826E-03  -3.0056940978E-03  -4.3055983547E-02
   25     -5.6344602269E-02  -1.5370596636E-02  -3.4761328663E-02   5.5886284625E-03   2.9352184587E-02
   26     -2.0043368542E-01   1.8288790022E-02   3.1809040190E-02  -4.4523551817E-03   6.5321522361E-03
   27     -7.8266298994E-03   1.3866610080E-03   1.8575770512E-04   4.3197623564E-05   1.5115490105E-03
   28     -3.9280964796E-03   2.9111856367E-04   1.2543647305E-03  -2.7215852875E-04   3.0640680877E-03
   29     -2.3762140741E-03   5.1382951487E-04   1.4495173058E-04  -3.8681194470E-04   1.8295868631E-03
   30      1.2775679391E-02  -7.1866521094E-02  -3.1488144798E-02   2.3323275716E-02  -2.4166233087E-01
   31     -1.0072943110E-02  -1.9903896647E-02  -1.8498638809E-01   9.0783532062E-02   5.7895403387E-02
   32     -4.2394165957E-02   1.3022940744E-02   9.5427190626E-02  -1.5810270373E-01   3.2829128865E-02
   33     -1.8143032694E-03   8.9351865643E-04   1.0436900876E-03  -2.6036592973E-04   2.2207984107E-03
   34      5.5366851848E-04  -1.0466631120E-04  -1.9447568864E-03   8.5232514361E-04  -1.2467224323E-03
   35     -5.4758420119E-04  -1.9812380105E-04   7.1219015299E-06  -6.2771225896E-04  -1.0772616982E-03
   36      4.9022692087E-04  -1.4828196959E-04   3.3350634222E-04  -1.1988807289E-04  -4.3555895054E-04
   37      5.3136297419E-04  -1.9262958179E-04   5.4512783752E-05  -6.0253166037E-05  -3.0749319812E-04
   38     -3.2517157313E-04  -2.9724177530E-05   8.1950788396E-05  -2.2542115280E-05  -6.6231620873E-05
   39      2.9404746302E-03  -1.3084517790E-04  -2.6814735729E-04   1.5140187548E-04  -5.2923212044E-04
   40      7.2419323950E-04  -3.0322204123E-05  -2.2907033587E-04   1.4982278308E-04  -2.0897173222E-04
   41      1.7287284517E-03  -7.2258662877E-05  -8.0253087084E-05   4.5245866496E-05  -2.5623427626E-04
   42     -4.5373873155E-03   6.7753837299E-03  -3.9771049381E-04   3.6117432613E-03  -2.2474822615E-02
   43     -3.0723384873E-03  -5.0645005798E-03  -3.2148078642E-03   4.1751722185E-02   1.4165843710E-02
   44      2.8224155959E-04   2.4429144712E-03   1.0719787826E-02  -2.2774648429E-02   3.3477327732E-03
                   10                 11                 12                 13                 14        
    0     -2.9352834663E-03   9.8935594962E-04  -4.8457735427E-04   1.4189604251E-04   4.2713072186E-04
    1      4.0349466871E-03  -1.0705042228E-03   5.5086051167E-04   1.2119533223E-04  -1.0133580044E-03
    2     -1.9074990326E-03   1.2767128728E-03  -3.5750648605E-04   2.2469235771E-06   1.1349918800E-03
    3     -8.6108775737E-04  -8.5938853815E-04  -9.7243334979E-04   1.4775699974E-04   4.6904369457E-04
    4      2.4038704357E-03   2.2442178003E-03   2.3004223578E-04   1.3086365617E-04   3.3720402224E-04
    5      2.0011502588E-03   4.4123855232E-03   1.9723202966E-04   1.8655774014E-04   1.1308552267E-03
    6      4.3285493541E-02  -2.6285162946E-02  -1.9883701110E-04   4.1135677732E-05   1.4173457887E-04
    7     -3.9750587058E-02   2.0732025214E-02  -2.6184339368E-04   3.0155810589E-04  -1.6093743179E-05
    8      1.8079161482E-02   6.9719704454E-03   5.5249799255E-05  -9.2274842042E-05   3.6733696575E-04
    9     -1.2448674856E-01  -1.6168272620E-02  -4.9712076729E-04   1.2879629608E-04   4.8297988805E-04
   10      1.2738492664E-01   1.8108248356E-03  -3.3003125678E-06   1.2327826567E-04   9.6263505887E-05
   11      1.8108248356E-03   5.8710091274E-02  -2.7569379167E-05   5.8208354914E-05   2.9180510250E-04
   12     -3.3003125678E-06  -2.7569379167E-05   7.1890338858E-02   1.4909003325E-03  -1.3493682718E-02
   13      1.2327826567E-04   5.8208354914E-05   1.4909003325E-03   7.6991520267E-02   6.8838089225E-03
   14      9.6263505887E-05   2.9180510250E-04  -1.3493682718E-02   6.8838089225E-03   3.7793872759E-01
   15     -1.6966293774E-05  -1.5209884708E-04  -1.2399364401E-04  -9.9901653215E-03  -3.4255707141E-02
   16      1.5947116148E-04   4.6565319383E-05  -1.2814933003E-02   3.3153686261E-03  -2.4691168651E-02
   17      6.6674781299E-05   7.9831241930E-05  -4.6941869427E-02  -2.8510950021E-02  -4.8363870679E-02
   18     -2.2592672950E-05  -3.3890631463E-05   1.3397026389E-02  -2.9931255509E-03  -4.4409878477E-04
   19      3.8367086592E-04   4.0082256246E-05  -8.9265243378E-04  -1.1664091541E-02   4.3163499138E-02
   20     -4.8730773047E-05   8.2635190508E-05  -3.5537602742E-03   5.6919290558E-02  -4.9382926013E-02
   21     -3.7713658119E-03  -2.6352461694E-03   4.0137169663E-04   1.4535988758E-03   1.7983433569E-03
   22     -4.6147498799E-05  -1.1816092928E-03   5.1658905927E-04   8.3266242301E-04   6.5126858979E-04
   23     -1.2329198199E-03  -1.0483792293E-04   8.9606798849E-04   8.2660064623E-04   3.5998335061E-03
   24     -4.8163933547E-03  -1.0534283833E-02   2.8162797716E-03  -3.6366463096E-04  -1.5319394427E-03
   25      3.0329522113E-03   4.1548837767E-03  -1.0526563168E-03   1.9182697454E-04   1.7660062121E-03
   26      4.2392609011E-03   1.2027057464E-03   4.7426966739E-04   2.5149979770E-06  -1.9363266503E-03
   27     -7.3675970713E-04  -5.1732996266E-04   2.2201060079E-03   1.8130835429E-03   6.6704555844E-04
   28      3.1172983425E-04   4.7735208845E-04   2.5406413021E-03   4.5372362224E-03  -4.0225067912E-03
   29      1.3528536650E-04   3.6673318113E-04   3.3565669800E-02  -2.0283750407E-02  -4.0911861467E-02
   30      7.1912785800E-02   2.4226314245E-02   6.8653033978E-04  -7.6801715249E-05  -2.9892869483E-04
   31     -9.4015374058E-02  -1.4103416833E-02   4.3885664770E-04  -6.1177476326E-04  -5.4390087102E-04
   32     -2.0532245085E-02  -7.9639866789E-02   4.2656782463E-05  -6.6462006650E-05  -1.0293484196E-03
   33     -3.8011986653E-05   9.7250844301E-05  -8.4612672745E-02   6.6219802434E-03   4.0442341280E-02
   34     -8.0054070821E-04  -3.2434392064E-04   7.4104876306E-03  -7.5702306453E-02  -1.9762829374E-02
   35     -2.4578663636E-04  -5.7870201302E-04   2.8333481975E-02  -1.5355040235E-02  -2.4414351900E-01
   36      1.4885748866E-04  -1.2747192957E-05   7.9221402895E-04  -1.8709249252E-03  -9.4383213162E-05
   37      6.0054189013E-05  -3.1543066727E-05  -6.7163526556E-04   2.0239164433E-03   4.9034456618E-05
   38      6.8525774717E-06  -2.1937640178E-05  -4.1380445494E-04   4.6238718656E-04   6.2946725698E-04
   39      2.9693651448E-06   8.0075608052E-05  -5.2965493977E-03   3.3922943302E-03   5.4783605052E-03
   40     -3.1183512447E-05   3.9530276686E-05   2.5430354822E-03  -6.0075734716E-04  -3.0674137907E-03
   41      1.8483890170E-05   3.8550280575E-05   1.1749716394E-03  -1.0111380101E-03   6.0015585518E-04
   42      2.2396029599E-02   3.1660807027E-02  -1.7682823475E-05   6.2160608011E-05   2.1661497368E-04
   43     -3.2510674564E-03  -1.2797588231E-02  -2.3313281913E-05   9.5037893465E-06   1.3140403842E-04
   44     -2.5814606075E-03   6.9119235069E-03   4.3738494976E-05   1.6782533803E-05   7.4678846116E-05
                   15                 16                 17                 18                 19        
    0     -7.3246530202E-04  -9.6143197248E-05  -2.7660085287E-05  -9.3533605919E-04   6.1829559113E-04
    1      1.7857810767E-03   2.7108626096E-04  -8.1754766294E-05   3.5685697628E-04   9.6276158272E-04
    2     -6.9209373475E-04  -2.7199008484E-05   1.8125134235E-04  -3.6120474369E-04  -2.4864137878E-04
    3     -1.0388690273E-03  -9.7389092369E-05  -1.2888774237E-04  -6.3061866864E-04   5.5490822868E-04
    4      9.7759420463E-04   1.7767535271E-04   1.3699652097E-04   7.2128469934E-05   2.2115137962E-04
    5      1.5517440034E-03   1.4857275580E-04   3.0777899503E-04   4.2652378978E-04  -3.4272835973E-04
    6     -4.0931133588E-04  -5.9498695391E-05  -2.9843056741E-05  -2.1900127122E-04   1.1505854697E-04
    7     -5.4573441434E-04   2.4399108170E-04  -2.8627179101E-06  -2.6533655198E-04   1.0849616084E-03
    8      1.9700102159E-04  -9.6790183645E-05   9.8105827308E-05   6.6839062962E-05  -5.2917043668E-04
    9     -1.6746832102E-03  -9.5396872994E-05  -2.8419653252E-05  -4.9975292954E-04   3.8273597676E-04
   10     -1.6966293774E-05   1.5947116148E-04   6.6674781299E-05  -2.2592672950E-05   3.8367086592E-04
   11     -1.5209884708E-04   4.6565319383E-05   7.9831241930E-05  -3.3890631463E-05   4.0082256246E-05
   12     -1.2399364401E-04  -1.2814933003E-02  -4.6941869427E-02   1.3397026389E-02  -8.9265243378E-04
   13     -9.9901653215E-03   3.3153686261E-03  -2.8510950021E-02  -2.9931255509E-03  -1.1664091541E-02
   14     -3.4255707141E-02  -2.4691168651E-02  -4.8363870679E-02  -4.4409878477E-04   4.3163499138E-02
   15      2.6315057972E-01   1.1887075991E-01   8.0880639510E-02   6.3910838561E-04  -3.5481513988E-02
   16      1.1887075991E-01   1.4588816219E-01   4.7664245538E-02  -4.8170155679E-02  -6.0110269620E-02
   17      8.0880639510E-02   4.7664245538E-02   1.0806231379E-01   4.7212526903E-03  -5.8102245386E-04
   18      6.3910838561E-04  -4.8170155679E-02   4.7212526903E-03   7.1941904537E-02  -1.4615931371E-02
   19     -3.5481513988E-02  -6.0110269620E-02  -5.8102245386E-04  -1.4615931371E-02   3.4769087189E-01
   20      2.8159479399E-03  -4.4797165952E-03   1.4402083969E-02   7.0190812368E-03  -9.5003829593E-02
   21     -1.4093545975E-02   2.3785570296E-03   1.6808882556E-03   3.0099841558E-04   2.0443281385E-03
   22      7.4706070155E-03   1.6473212305E-03  -1.9397650321E-04   6.7652549404E-04   2.9123837858E-03
   23      3.1770646239E-03   1.6031073254E-05   1.7134109263E-03  -1.3998999267E-04   2.2817562365E-04
   24      3.6823931860E-03   4.1211300088E-04   3.4307096500E-04   3.0170115965E-03  -1.6341686321E-03
   25     -6.9602039416E-03   1.0913111235E-04   1.9150196485E-04  -2.5466027561E-04  -6.6834641348E-06
   26     -1.9653672305E-03  -4.6259696541E-06  -2.4763597317E-05  -3.4849932241E-04   1.0678373183E-03
   27     -3.6936592231E-02  -4.8549352283E-04  -6.4587088061E-05   2.3279875179E-03   1.7399757977E-03
   28     -2.6704696775E-02   4.8801756719E-03  -8.4567602440E-04   3.2455983653E-02  -4.2396522617E-02
   29     -1.8095691665E-02  -1.1521477239E-03   5.6160631311E-03  -9.7188906869E-03   1.4172550327E-02
   30      1.3280193973E-03   2.7291875262E-04   1.9362201327E-04   6.7635568362E-04  -3.0427353021E-04
   31      1.7134464448E-03  -5.5591511412E-04  -1.6495621752E-04   4.2373972006E-04  -1.9580692104E-03
   32      3.6942145885E-04   8.9016697323E-07  -2.8992150742E-04   1.2989995984E-04   3.0331188823E-04
   33     -2.1468018474E-01  -5.8906015434E-02  -4.0009120255E-02  -8.5357345954E-02   4.1849949017E-02
   34     -4.9577768747E-02  -9.7826011702E-02  -1.8099298148E-02   3.1045523797E-02  -2.3730948621E-01
   35     -3.2841367208E-02  -1.7658330046E-02  -8.3497814421E-02  -3.1613050582E-03   4.0502468143E-02
   36      4.3436622632E-04  -1.2469947564E-03   5.5771992686E-04  -5.3248563163E-03   6.1674501432E-03
   37     -3.4314685030E-04   2.1208001916E-03  -7.8761359321E-04   1.9461899243E-03  -7.9717363030E-04
   38     -1.2088833797E-03   7.2128587171E-05  -4.2306095027E-04   2.1620384917E-03  -3.0834392677E-03
   39      4.8072265506E-04   4.2552793982E-05  -1.3078098646E-03   6.9967033476E-04  -6.2599633800E-04
   40     -1.1690627926E-03  -3.3523180099E-04   1.0986961326E-03  -6.4079441097E-04   9.6998266645E-04
   41      2.3913906847E-04   2.1575646567E-04   2.1017982882E-03  -3.5219681416E-04   3.1062569706E-04
   42     -2.5544099433E-05   4.8623309223E-05   5.5795816654E-05  -3.3151662336E-05   8.2063042051E-05
   43     -8.2434065508E-05   1.4245362233E-05   2.6036531909E-05  -1.4579710630E-05   1.6512514458E-05
   44      8.5459574231E-05   2.9747247637E-05   3.6793639567E-05   3.8931141854E-05  -1.6721441990E-05
                   20                 21                 22                 23                 24        
    0      5.6499181761E-05  -1.3992415937E-02   4.7503480977E-02  -2.0376238205E-02  -7.7574366126E-02
    1     -2.9237014486E-04   4.4667895123E-02  -4.1913007834E-02   2.1547640009E-02  -2.1041789120E-02
    2      2.6244513867E-04  -1.6244431200E-02   1.6807801442E-02   5.5954113763E-03   4.3499069716E-03
    3     -1.5962104263E-04  -2.4158077841E-02   2.6152751124E-02   4.7094120017E-02  -7.9834010312E-02
    4      3.2631132204E-05   2.7231849737E-02  -4.1934885553E-03  -2.8026826471E-02  -2.6759672177E-03
    5      3.1347027406E-04   3.9265995378E-02  -2.0737694159E-02  -1.9897301369E-02   3.6758121685E-03
    6      1.9579346908E-05  -1.2728805992E-03  -1.8530541273E-03  -3.6658835985E-04   3.3470640802E-03
    7     -2.2692068629E-04  -4.1737871045E-03   1.3001196413E-03  -2.1935786222E-03   3.1376627826E-03
    8      2.4143827137E-04   1.3273871471E-03  -7.4128972253E-04   2.1720865964E-03  -3.0056940978E-03
    9      2.6187402280E-05  -1.1908783751E-02  -7.5994127823E-03  -4.6958749437E-03  -4.3055983547E-02
   10     -4.8730773047E-05  -3.7713658119E-03  -4.6147498799E-05  -1.2329198199E-03  -4.8163933547E-03
   11      8.2635190508E-05  -2.6352461694E-03  -1.1816092928E-03  -1.0483792293E-04  -1.0534283833E-02
   12     -3.5537602742E-03   4.0137169663E-04   5.1658905927E-04   8.9606798849E-04   2.8162797716E-03
   13      5.6919290558E-02   1.4535988758E-03   8.3266242301E-04   8.2660064623E-04  -3.6366463096E-04
   14     -4.9382926013E-02   1.7983433569E-03   6.5126858979E-04   3.5998335061E-03  -1.5319394427E-03
   15      2.8159479399E-03  -1.4093545975E-02   7.4706070155E-03   3.1770646239E-03   3.6823931860E-03
   16     -4.4797165952E-03   2.3785570296E-03   1.6473212305E-03   1.6031073254E-05   4.1211300088E-04
   17      1.4402083969E-02   1.6808882556E-03  -1.9397650321E-04   1.7134109263E-03   3.4307096500E-04
   18      7.0190812368E-03   3.0099841558E-04   6.7652549404E-04  -1.3998999267E-04   3.0170115965E-03
   19     -9.5003829593E-02   2.0443281385E-03   2.9123837858E-03   2.2817562365E-04  -1.6341686321E-03
   20      1.0989784825E-01   8.3029234104E-04  -2.5961928990E-04   6.9328084853E-04   1.4458337812E-04
   21      8.3029234104E-04   5.1869407268E-01  -2.5993720844E-02   4.3259462901E-02  -2.2776939502E-01
   22     -2.5961928990E-04  -2.5993720844E-02   2.8873840916E-01   7.4557235398E-02   3.2323144510E-02
   23      6.9328084853E-04   4.3259462901E-02   7.4557235398E-02   1.5670588092E-01  -8.4088097617E-03
   24      1.4458337812E-04  -2.2776939502E-01   3.2323144510E-02  -8.4088097617E-03   5.8797024912E-01
   25      2.7402453794E-04   4.4214858558E-02  -1.2076857499E-01  -1.8593565037E-02   4.5449693724E-02
   26     -4.4729403053E-04   4.6398606154E-04  -2.2866459445E-02  -7.2730327181E-02   3.5627264602E-02
   27      1.3812367877E-03  -1.3467435648E-01  -3.1724789797E-02  -2.7115484753E-02  -6.3725043645E-02
   28     -2.4244535137E-03  -5.7872038493E-02  -1.2597062536E-01  -3.7991804680E-02   2.6649973404E-03
   29      7.1532710827E-03  -3.8495343424E-02  -3.4119918350E-02  -8.1784611576E-02  -4.0116970968E-03
   30      2.4693197644E-05  -3.3596315497E-02  -9.1491390245E-03  -8.1626841928E-03  -1.1646853250E-01
   31      2.6644058218E-04   2.1092249549E-02   9.6435227028E-03   7.2145268635E-03  -6.2917167725E-02
   32     -4.0135157710E-04   1.8880075567E-03   2.6509116877E-03   3.9441426805E-03  -2.3124606867E-02
   33     -8.2724860678E-03  -3.1197743412E-02   2.6203865427E-03   1.9553331316E-03  -1.1807327031E-02
   34      4.5138278940E-02  -3.0076827685E-02   5.7288447132E-03   3.8787186099E-03  -6.1763113449E-04
   35     -8.5283636522E-02  -2.0119697107E-02   5.9921359982E-03  -9.8427457123E-04  -5.2730725237E-04
   36      1.3592108354E-03  -1.2756599095E-02  -3.3177223813E-02   4.8479016274E-03   4.7928793173E-03
   37     -8.6372542262E-04  -1.1866333753E-02  -1.5822378112E-02   5.9221004193E-04   3.1770049683E-03
   38      8.1153893482E-04  -2.2644190173E-03  -1.5654905677E-02   5.9810480702E-03   1.0331274146E-03
   39     -1.7459492163E-03  -1.4116699171E-02  -7.7796197566E-03  -3.2911434273E-02   5.5322845466E-03
   40      9.6265777622E-04  -8.8465556349E-03  -2.2590282800E-03  -2.1781511698E-02   2.4966138590E-03
   41      1.6213801571E-03  -1.0870502219E-02  -5.3567520621E-03  -5.9027983749E-03   2.7165731460E-03
   42      5.0014614557E-05   1.4036998184E-04   4.7255226657E-05   8.7297296643E-04   9.0764965677E-03
   43      2.3045032825E-05  -5.1648749010E-04   1.6998696775E-04   9.3992679864E-04   4.2241379424E-03
   44      3.5816022977E-05   1.8945736494E-04   4.7201264845E-04   9.9905606749E-04   3.4945770985E-03
                   25                 26                 27                 28                 29        
    0     -9.7680316426E-03  -2.3467819669E-03   3.8816177486E-03   2.4258019782E-03   1.0063541162E-03
    1     -1.8120128623E-01   5.1139845916E-02  -9.3346766443E-03  -5.6012898112E-03  -3.3899582635E-03
    2      5.5179772285E-02  -9.3996187058E-02   2.8405743285E-03   2.0669698111E-03   1.1658078977E-03
    3      2.1118809288E-03   1.3261457064E-02   4.8300096078E-03   3.1765831969E-03   1.7827634629E-03
    4     -8.8851605564E-02  -5.0764784502E-02  -4.9862343350E-03  -3.2090120965E-03  -9.0209809259E-04
    5     -5.6344602269E-02  -2.0043368542E-01  -7.8266298994E-03  -3.9280964796E-03  -2.3762140741E-03
    6     -1.5370596636E-02   1.8288790022E-02   1.3866610080E-03   2.9111856367E-04   5.1382951487E-04
    7     -3.4761328663E-02   3.1809040190E-02   1.8575770512E-04   1.2543647305E-03   1.4495173058E-04
    8      5.5886284625E-03  -4.4523551817E-03   4.3197623564E-05  -2.7215852875E-04  -3.8681194470E-04
    9      2.9352184587E-02   6.5321522361E-03   1.5115490105E-03   3.0640680877E-03   1.8295868631E-03
   10      3.0329522113E-03   4.2392609011E-03  -7.3675970713E-04   3.1172983425E-04   1.3528536650E-04
   11      4.1548837767E-03   1.2027057464E-03  -5.1732996266E-04   4.7735208845E-04   3.6673318113E-04
   12     -1.0526563168E-03   4.7426966739E-04   2.2201060079E-03   2.5406413021E-03   3.3565669800E-02
   13      1.9182697454E-04   2.5149979770E-06   1.8130835429E-03   4.5372362224E-03  -2.0283750407E-02
   14      1.7660062121E-03  -1.9363266503E-03   6.6704555844E-04  -4.0225067912E-03  -4.0911861467E-02
   15     -6.9602039416E-03  -1.9653672305E-03  -3.6936592231E-02  -2.6704696775E-02  -1.8095691665E-02
   16      1.0913111235E-04  -4.6259696541E-06  -4.8549352283E-04   4.8801756719E-03  -1.1521477239E-03
   17      1.9150196485E-04  -2.4763597317E-05  -6.4587088061E-05  -8.4567602440E-04   5.6160631311E-03
   18     -2.5466027561E-04  -3.4849932241E-04   2.3279875179E-03   3.2455983653E-02  -9.7188906869E-03
   19     -6.6834641348E-06   1.0678373183E-03   1.7399757977E-03  -4.2396522617E-02   1.4172550327E-02
   20      2.7402453794E-04  -4.4729403053E-04   1.3812367877E-03  -2.4244535137E-03   7.1532710827E-03
   21      4.4214858558E-02   4.6398606154E-04  -1.3467435648E-01  -5.7872038493E-02  -3.8495343424E-02
   22     -1.2076857499E-01  -2.2866459445E-02  -3.1724789797E-02  -1.2597062536E-01  -3.4119918350E-02
   23     -1.8593565037E-02  -7.2730327181E-02  -2.7115484753E-02  -3.7991804680E-02  -8.1784611576E-02
   24      4.5449693724E-02   3.5627264602E-02  -6.3725043645E-02   2.6649973404E-03  -4.0116970968E-03
   25      5.1110395396E-01   4.4662257354E-02  -6.0269177131E-03   2.2923143405E-02   9.8004307117E-03
   26      4.4662257354E-02   4.6286529332E-01  -9.5611412622E-03   1.0303586213E-02   3.1102112945E-04
   27     -6.0269177131E-03  -9.5611412622E-03   4.7720000694E-01  -3.1254865277E-02  -1.1193513559E-02
   28      2.2923143405E-02   1.0303586213E-02  -3.1254865277E-02   5.6838234103E-01  -4.5119982631E-02
   29      9.8004307117E-03   3.1102112945E-04  -1.1193513559E-02  -4.5119982631E-02   6.0102809436E-01
   30     -6.8893012576E-02  -3.8229532238E-02  -3.5387223068E-03   2.1292189941E-04  -9.4017583745E-04
   31     -9.9643691863E-02  -4.7278377071E-02   3.7695785137E-03  -3.2420621366E-03  -2.1646328183E-03
   32     -3.5972827022E-02  -8.0099926107E-02   1.2953240969E-03  -1.2272638350E-03   1.4156754468E-03
   33      3.2305563260E-03   5.4967498171E-04  -1.5197362359E-01   5.0012200498E-02   3.5550887028E-02
   34     -7.0913524315E-03  -2.3407699175E-03   6.6410209818E-02  -9.4641908509E-02  -1.6355073539E-02
   35     -5.1963778363E-03  -8.6551951006E-04   4.6611653622E-02  -1.7023228232E-02  -8.2265555809E-02
   36     -7.1490520008E-03   1.6324835326E-03  -5.2329968009E-02   1.3408023782E-02  -4.9366588063E-04
   37     -3.4055426654E-03  -1.6509751459E-04   8.6291759281E-03  -2.7459374869E-01   9.1452024629E-02
   38      1.8518823490E-04   2.0115141507E-03  -2.3994666205E-03   9.8228523999E-02  -9.3617737961E-02
   39     -3.8101620535E-03  -5.7606961149E-03  -5.0371735508E-02   5.2923641957E-03   8.4963353858E-03
   40     -1.4028275357E-03  -6.1736481976E-04   2.3130832028E-03  -5.2717540490E-02   7.4499203648E-03
   41     -2.6292383356E-03  -2.2026405319E-03   6.4150034785E-03   1.8595809873E-03  -3.1576881299E-01
   42     -4.8924672795E-03  -1.8858637424E-02   1.9210392406E-04   2.7554332105E-04   2.2136589114E-04
   43     -2.2811426030E-04  -1.9216746379E-02  -2.9977478416E-04   8.3718820953E-05   3.4894387693E-04
   44     -3.0362003109E-03  -9.2015090711E-03  -5.9369626183E-04  -9.7387563093E-05   5.4939592781E-05
                   30                 31                 32                 33                 34        
    0      4.8612700526E-03  -1.3128149693E-02   9.9600294694E-03   2.7732717940E-03   2.3396072786E-06
    1      8.9104938854E-03  -3.4008306524E-02   2.8313964339E-02  -2.2666463204E-03   4.0821401317E-05
    2     -2.3615440675E-03   6.9578312114E-03   3.2652504808E-05   1.5310442837E-03  -9.4420588310E-05
    3      6.0358522238E-03  -4.4979582108E-03  -1.7857322380E-02   3.2460758942E-03  -5.7949722808E-04
    4      8.4745372441E-03  -6.9123463709E-03  -3.1693298987E-02  -9.2028786478E-04   9.3644542019E-05
    5      1.2775679391E-02  -1.0072943110E-02  -4.2394165957E-02  -1.8143032694E-03   5.5366851848E-04
    6     -7.1866521094E-02  -1.9903896647E-02   1.3022940744E-02   8.9351865643E-04  -1.0466631120E-04
    7     -3.1488144798E-02  -1.8498638809E-01   9.5427190626E-02   1.0436900876E-03  -1.9447568864E-03
    8      2.3323275716E-02   9.0783532062E-02  -1.5810270373E-01  -2.6036592973E-04   8.5232514361E-04
    9     -2.4166233087E-01   5.7895403387E-02   3.2829128865E-02   2.2207984107E-03  -1.2467224323E-03
   10      7.1912785800E-02  -9.4015374058E-02  -2.0532245085E-02  -3.8011986653E-05  -8.0054070821E-04
   11      2.4226314245E-02  -1.4103416833E-02  -7.9639866789E-02   9.7250844301E-05  -3.2434392064E-04
   12      6.8653033978E-04   4.3885664770E-04   4.2656782463E-05  -8.4612672745E-02   7.4104876306E-03
   13     -7.6801715249E-05  -6.1177476326E-04  -6.6462006650E-05   6.6219802434E-03  -7.5702306453E-02
   14     -2.9892869483E-04  -5.4390087102E-04  -1.0293484196E-03   4.0442341280E-02  -1.9762829374E-02
   15      1.3280193973E-03   1.7134464448E-03   3.6942145885E-04  -2.1468018474E-01  -4.9577768747E-02
   16      2.7291875262E-04  -5.5591511412E-04   8.9016697323E-07  -5.8906015434E-02  -9.7826011702E-02
   17      1.9362201327E-04  -1.6495621752E-04  -2.8992150742E-04  -4.0009120255E-02  -1.8099298148E-02
   18      6.7635568362E-04   4.2373972006E-04   1.2989995984E-04  -8.5357345954E-02   3.1045523797E-02
   19     -3.0427353021E-04  -1.9580692104E-03   3.0331188823E-04   4.1849949017E-02  -2.3730948621E-01
   20      2.4693197644E-05   2.6644058218E-04  -4.0135157710E-04  -8.2724860678E-03   4.5138278940E-02
   21     -3.3596315497E-02   2.1092249549E-02   1.8880075567E-03  -3.1197743412E-02  -3.0076827685E-02
   22     -9.1491390245E-03   9.6435227028E-03   2.6509116877E-03   2.6203865427E-03   5.7288447132E-03
   23     -8.1626841928E-03   7.2145268635E-03   3.9441426805E-03   1.9553331316E-03   3.8787186099E-03
   24     -1.1646853250E-01  -6.2917167725E-02  -2.3124606867E-02  -1.1807327031E-02  -6.1763113449E-04
   25     -6.8893012576E-02  -9.9643691863E-02  -3.5972827022E-02   3.2305563260E-03  -7.0913524315E-03
   26     -3.8229532238E-02  -4.7278377071E-02  -8.0099926107E-02   5.4967498171E-04  -2.3407699175E-03
   27     -3.5387223068E-03   3.7695785137E-03   1.2953240969E-03  -1.5197362359E-01   6.6410209818E-02
   28      2.1292189941E-04  -3.2420621366E-03  -1.2272638350E-03   5.0012200498E-02  -9.4641908509E-02
   29     -9.4017583745E-04  -2.1646328183E-03   1.4156754468E-03   3.5550887028E-02  -1.6355073539E-02
   30      5.1615865585E-01   1.4329317054E-02  -5.0071705363E-02  -3.0275061179E-03   1.1302040475E-04
   31      1.4329317054E-02   4.8776540496E-01   4.5641380908E-02  -1.7965674574E-03   4.6835895762E-03
   32     -5.0071705363E-02   4.5641380908E-02   6.4044071146E-01  -4.0281934667E-04   3.8457944349E-05
   33     -3.0275061179E-03  -1.7965674574E-03  -4.0281934667E-04   5.6585019116E-01  -4.3906869902E-02
   34      1.1302040475E-04   4.6835895762E-03   3.8457944349E-05  -4.3906869902E-02   5.2217288941E-01
   35      9.9969535681E-05   1.4970798466E-03   2.1216614009E-03  -3.0330651033E-02   1.5668943447E-02
   36      4.3861438976E-04  -1.3296368225E-04  -1.4952039172E-04   3.6689541111E-03   2.4413710431E-02
   37      3.4843530774E-04  -6.8627093177E-05   1.8203104725E-04   8.2059532354E-04  -1.6983980015E-02
   38      1.1551230113E-04   1.3654540174E-05  -1.1672274016E-04   1.1913929836E-03  -1.0666114670E-02
   39      2.5094214476E-04   2.9493050210E-04   3.3598151450E-04   3.9236078343E-03  -3.0903866567E-03
   40      1.4961518338E-04   2.9794879459E-04  -9.6602657955E-05   1.5877687098E-03  -3.0286414245E-04
   41      2.2669191769E-04   1.4878928082E-04  -8.3894207298E-05  -1.3073674679E-04   1.4664356433E-03
   42     -6.0276311699E-02   2.2354613356E-03   3.2006723447E-02   7.9985735349E-05  -2.3690848352E-04
   43      5.3710463751E-03  -7.6387910809E-02  -8.3202180898E-02   8.9259109291E-05  -1.1658258549E-04
   44      3.8804672529E-02  -7.7962266490E-02  -2.8579694246E-01  -2.0448288116E-04  -6.0670761350E-05
                   35                 36                 37                 38                 39        
    0     -7.7675552096E-04  -4.6674172664E-04   1.0815242515E-03  -4.5248355321E-04  -5.6728633530E-04
    1      1.4587290112E-03   3.0797726570E-03   2.2895379970E-03   1.9277224611E-04   8.5328864269E-04
    2     -1.5222302193E-03  -1.2777392183E-03  -3.4863353956E-04  -8.0133090653E-04   2.1793540136E-04
    3      4.1224018779E-04  -6.3897091579E-04  -2.1236069803E-04  -2.4511048408E-04  -9.3150805889E-04
    4     -8.5438349324E-05   8.3077298322E-04   5.1523734423E-04  -2.7910326166E-04   1.1054761414E-03
    5     -5.4758420119E-04   4.9022692087E-04   5.3136297419E-04  -3.2517157313E-04   2.9404746302E-03
    6     -1.9812380105E-04  -1.4828196959E-04  -1.9262958179E-04  -2.9724177530E-05  -1.3084517790E-04
    7      7.1219015299E-06   3.3350634222E-04   5.4512783752E-05   8.1950788396E-05  -2.6814735729E-04
    8     -6.2771225896E-04  -1.1988807289E-04  -6.0253166037E-05  -2.2542115280E-05   1.5140187548E-04
    9     -1.0772616982E-03  -4.3555895054E-04  -3.0749319812E-04  -6.6231620873E-05  -5.2923212044E-04
   10     -2.4578663636E-04   1.4885748866E-04   6.0054189013E-05   6.8525774717E-06   2.9693651448E-06
   11     -5.7870201302E-04  -1.2747192957E-05  -3.1543066727E-05  -2.1937640178E-05   8.0075608052E-05
   12      2.8333481975E-02   7.9221402895E-04  -6.7163526556E-04  -4.1380445494E-04  -5.2965493977E-03
   13     -1.5355040235E-02  -1.8709249252E-03   2.0239164433E-03   4.6238718656E-04   3.3922943302E-03
   14     -2.4414351900E-01  -9.4383213162E-05   4.9034456618E-05   6.2946725698E-04   5.4783605052E-03
   15     -3.2841367208E-02   4.3436622632E-04  -3.4314685030E-04  -1.2088833797E-03   4.8072265506E-04
   16     -1.7658330046E-02  -1.2469947564E-03   2.1208001916E-03   7.2128587171E-05   4.2552793982E-05
   17     -8.3497814421E-02   5.5771992686E-04  -7.8761359321E-04  -4.2306095027E-04  -1.3078098646E-03
   18     -3.1613050582E-03  -5.3248563163E-03   1.9461899243E-03   2.1620384917E-03   6.9967033476E-04
   19      4.0502468143E-02   6.1674501432E-03  -7.9717363030E-04  -3.0834392677E-03  -6.2599633800E-04
   20     -8.5283636522E-02   1.3592108354E-03  -8.6372542262E-04   8.1153893482E-04  -1.7459492163E-03
   21     -2.0119697107E-02  -1.2756599095E-02  -1.1866333753E-02  -2.2644190173E-03  -1.4116699171E-02
   22      5.9921359982E-03  -3.3177223813E-02  -1.5822378112E-02  -1.5654905677E-02  -7.7796197566E-03
   23     -9.8427457123E-04   4.8479016274E-03   5.9221004193E-04   5.9810480702E-03  -3.2911434273E-02
   24     -5.2730725237E-04   4.7928793173E-03   3.1770049683E-03   1.0331274146E-03   5.5322845466E-03
   25     -5.1963778363E-03  -7.1490520008E-03  -3.4055426654E-03   1.8518823490E-04  -3.8101620535E-03
   26     -8.6551951006E-04   1.6324835326E-03  -1.6509751459E-04   2.0115141507E-03  -5.7606961149E-03
   27      4.6611653622E-02  -5.2329968009E-02   8.6291759281E-03  -2.3994666205E-03  -5.0371735508E-02
   28     -1.7023228232E-02   1.3408023782E-02  -2.7459374869E-01   9.8228523999E-02   5.2923641957E-03
   29     -8.2265555809E-02  -4.9366588063E-04   9.1452024629E-02  -9.3617737961E-02   8.4963353858E-03
   30      9.9969535681E-05   4.3861438976E-04   3.4843530774E-04   1.1551230113E-04   2.5094214476E-04
   31      1.4970798466E-03  -1.3296368225E-04  -6.8627093177E-05   1.3654540174E-05   2.9493050210E-04
   32      2.1216614009E-03  -1.4952039172E-04   1.8203104725E-04  -1.1672274016E-04   3.3598151450E-04
   33     -3.0330651033E-02   3.6689541111E-03   8.2059532354E-04   1.1913929836E-03   3.9236078343E-03
   34      1.5668943447E-02   2.4413710431E-02  -1.6983980015E-02  -1.0666114670E-02  -3.0903866567E-03
   35      5.0868933703E-01  -1.3287981238E-02   7.8792505851E-03   3.4196007077E-03   2.7328316602E-02
   36     -1.3287981238E-02   5.9851241536E-02  -3.4059883030E-03   4.9174849132E-03   2.0851187793E-03
   37      7.8792505851E-03  -3.4059883030E-03   3.0121235253E-01  -9.8455434096E-02   9.8695131380E-04
   38      3.4196007077E-03   4.9174849132E-03  -9.8455434096E-02   9.0904446218E-02  -2.3176745011E-03
   39      2.7328316602E-02   2.0851187793E-03   9.8695131380E-04  -2.3176745011E-03   5.8876873646E-02
   40     -1.7115300090E-02  -1.3816410590E-03   3.4042641042E-03   2.8945920396E-02   3.4771139933E-03
   41     -1.3747141842E-02   1.5794522395E-03  -1.7067808398E-05  -8.4268545127E-03  -1.1423108363E-03
   42     -3.5817100903E-04   3.7588593586E-05   1.2694517027E-05  -1.7670313970E-05   9.4635829417E-05
   43     -2.1953483376E-04  -2.0289172145E-05  -9.2253728570E-06  -4.2297884788E-05   1.2818611092E-04
   44     -1.6690877473E-04   4.7357231072E-05   3.5370772900E-05  -2.2569390658E-06   1.4646690623E-04
                   40                 41                 42                 43                 44        
    0      2.8474670574E-05  -2.5529323084E-04  -3.9136806738E-04   2.5357488100E-04  -4.4344848296E-04
    1      6.5328039890E-04   4.6316677871E-04   5.7307818187E-06   9.2553061395E-04  -1.0450898748E-03
    2     -2.3228547270E-04   8.7503745676E-05   1.4803659201E-03   1.3751163209E-03   1.5788041045E-03
    3     -3.0722867305E-04   7.3135037485E-04  -2.8863433358E-03  -2.2861537075E-03  -1.0059747516E-03
    4      3.0943845641E-04   1.1148156209E-03  -3.6955923469E-03  -2.8411560121E-03  -4.7808238707E-04
    5      7.2419323950E-04   1.7287284517E-03  -4.5373873155E-03  -3.0723384873E-03   2.8224155959E-04
    6     -3.0322204123E-05  -7.2258662877E-05   6.7753837299E-03  -5.0645005798E-03   2.4429144712E-03
    7     -2.2907033587E-04  -8.0253087084E-05  -3.9771049381E-04  -3.2148078642E-03   1.0719787826E-02
    8      1.4982278308E-04   4.5245866496E-05   3.6117432613E-03   4.1751722185E-02  -2.2774648429E-02
    9     -2.0897173222E-04  -2.5623427626E-04  -2.2474822615E-02   1.4165843710E-02   3.3477327732E-03
   10     -3.1183512447E-05   1.8483890170E-05   2.2396029599E-02  -3.2510674564E-03  -2.5814606075E-03
   11      3.9530276686E-05   3.8550280575E-05   3.1660807027E-02  -1.2797588231E-02   6.9119235069E-03
   12      2.5430354822E-03   1.1749716394E-03  -1.7682823475E-05  -2.3313281913E-05   4.3738494976E-05
   13     -6.0075734716E-04  -1.0111380101E-03   6.2160608011E-05   9.5037893465E-06   1.6782533803E-05
