
$orca_hessian_file

$act_atom
  0

$act_coord
  0

$act_energy
        0.000000

$multiplicity
  1

$hessian
45
                    0                  1                  2                  3                  4        
    0      7.5862533332E-02  -3.8383644779E-04  -4.0276486815E-03   3.9416026940E-03  -4.2904581437E-03
    1     -3.8383644779E-04   1.4501950843E-01  -1.1811423129E-01  -4.4947349456E-04   2.2628255912E-02
    2     -4.0276486815E-03  -1.1811423129E-01   2.5179529947E-01   2.1998079681E-02   5.5053597313E-03
    3      3.9416026940E-03  -4.4947349456E-04   2.1998079681E-02   1.4039902177E-01  -7.8413959707E-02
    4     -4.2904581437E-03   2.2628255912E-02   5.5053597313E-03  -7.8413959707E-02   1.6158076896E-01
    5      2.4558995751E-02  -6.8961973757E-03  -6.8242544327E-02  -9.4721989902E-02   1.1921926328E-01
    6      1.0887946342E-03   4.2351889632E-04  -1.5316592924E-03   1.6054203852E-03  -3.9047793917E-03
    7     -2.0820580985E-03  -5.6428385668E-04   1.9526163216E-04  -3.7826284175E-03  -1.0763955005E-02
    8     -2.1053559300E-03  -1.2672087477E-03   6.1750564215E-03  -2.3949816915E-03  -6.2578458711E-03
    9     -1.5762679447E-03  -5.9148420266E-03   2.7977619839E-03   8.8486117065E-04  -5.8791187566E-04
   10     -6.5663105010E-03  -1.0662034366E-02   3.0189001290E-03  -7.8087129446E-04  -2.4378003226E-04
   11      1.8381628147E-03   2.9120434602E-03   1.7146449281E-03  -1.3048022399E-03   1.6173160651E-03
   12     -9.8132610988E-04   4.9061978050E-04  -2.0212128375E-05  -7.7787939420E-04   5.7072118965E-04
   13     -4.3939289897E-05   3.3868426764E-04  -2.2287982874E-04  -4.5747377564E-05   1.5954082031E-04
   14     -5.2226137384E-04  -4.1452772789E-04   1.1235495147E-03  -1.0232843176E-03   7.0130597540E-04
   15     -7.7084742173E-04   9.6927269556E-04  -1.5133786717E-03  -2.3067206260E-03   1.3276203039E-03
   16      1.0453429809E-04   1.7875906375E-04  -8.8326806255E-06  -1.4222803462E-04   2.1542657417E-04
   17      2.3116290180E-04  -2.4869705602E-04   5.4351051503E-04   1.6062506076E-04   5.1438522305E-05
   18     -4.8982003928E-04   4.1460929876E-04  -4.3369341729E-04  -7.1181744842E-04   5.5830605670E-04
   19     -2.7398422925E-04   1.4297702783E-03  -9.4292786612E-04  -9.8644123862E-04   1.1732206919E-03
   20     -7.1022714249E-05  -2.2270548854E-04   3.4668957363E-04  -2.3325970589E-04   2.0837545325E-04
   21     -1.0835783364E-02   2.4359904975E-02  -3.8938841389E-02  -5.9984568416E-02   3.3694354534E-02
   22      3.0420286800E-02  -5.0600903581E-03   2.8742959319E-02   4.2178355257E-02  -7.2438728471E-03
   23     -3.9717331509E-02   2.1624809335E-02  -3.0964850216E-02   3.7958459074E-02  -1.1128595859E-02
   24     -7.6533556448E-02  -1.6566473060E-02   1.4218389300E-02  -9.2167022097E-02   3.2393711619E-02
   25     -1.0966827865E-02  -1.3619636132E-01   7.3644639548E-02   3.9543937896E-02  -1.5138681231E-01
   26      7.8989399499E-03   5.9789867350E-02  -1.3718071726E-01   4.2907661220E-02  -7.8843172163E-02
   27      2.1409411085E-03  -2.9345253526E-03   8.1836615681E-03   9.4750002854E-04  -1.4372294542E-03
   28     -7.1268313481E-04   2.9459554236E-03  -3.5513474341E-03   7.3046962170E-04   3.3441948278E-03
   29     -2.8548788112E-03   4.5474771620E-03  -8.0820627304E-03  -7.7347217934E-03   3.5323905391E-03
   30      5.6191489199E-03   5.2565829929E-04  -5.4148522449E-04   4.6604224659E-03   2.2904565154E-02
   31     -8.2964961496E-03  -1.6242970763E-02   9.7942520427E-03  -2.2468882437E-03  -1.7363314369E-02
   32      1.6271484129E-02   3.9232120911E-02  -2.1510090543E-02  -3.1647298993E-04  -3.3041299153E-02
   33      2.6667098892E-03  -1.8257004949E-03   1.5656204932E-03   3.4537391764E-03  -2.2120265733E-03
   34      5.3115061998E-04  -2.2774197169E-03   1.3715858651E-03   2.4733702226E-03  -2.2919499725E-03
   35     -2.5602134865E-04   4.9451672795E-04  -6.1298677410E-04   2.7386977474E-03  -1.9747215803E-03
   36     -6.9208793211E-04   5.5194969727E-05  -9.4084367397E-04  -1.9010232707E-03   1.7002574456E-05
   37      3.1922509312E-04  -1.9172994394E-04   5.1490357196E-04   7.2201245366E-04  -2.0286994504E-05
   38     -2.1637561958E-04  -2.1301078327E-04   1.2184690943E-03   1.2074068726E-03  -1.9362392139E-04
   39     -1.1432321881E-03   1.5861238130E-03  -1.9589043257E-03  -2.5261982218E-04   3.5182701407E-04
   40      6.2307889352E-04  -1.3060300600E-03   2.4647542284E-04  -1.5018852187E-04  -3.7091067963E-04
   41     -1.3580131911E-03  -3.5844236031E-04   2.8098255411E-03   4.6813015728E-04  -3.0306044695E-04
   42      1.7031908700E-03  -7.5843556148E-04   1.1479794730E-03   2.2090833866E-03  -8.7323169288E-04
   43      1.6267018647E-03  -4.0012982459E-05   1.3910541520E-04   1.2517692705E-03   5.8347442863E-04
   44      3.2533793889E-04  -1.1990376957E-03   8.6620678544E-04   2.9576903644E-04   7.3826004038E-04
                    5                  6                  7                  8                  9        
    0      2.4558995751E-02   1.0887946342E-03  -2.0820580985E-03  -2.1053559300E-03  -1.5762679447E-03
    1     -6.8961973757E-03   4.2351889632E-04  -5.6428385668E-04  -1.2672087477E-03  -5.9148420266E-03
    2     -6.8242544327E-02  -1.5316592924E-03   1.9526163216E-04   6.1750564215E-03   2.7977619839E-03
    3     -9.4721989902E-02   1.6054203852E-03  -3.7826284175E-03  -2.3949816915E-03   8.8486117065E-04
    4      1.1921926328E-01  -3.9047793917E-03  -1.0763955005E-02  -6.2578458711E-03  -5.8791187566E-04
    5      2.2787411851E-01  -3.0423660991E-03  -5.9077860923E-03  -1.5112161437E-03  -1.8524575410E-03
    6     -3.0423660991E-03   1.0323772159E-01  -6.3726815452E-02  -9.0167128553E-02   7.3452003604E-03
    7     -5.9077860923E-03  -6.3726815452E-02   1.5055721185E-01   1.1646579922E-01  -8.4373112509E-03
    8     -1.5112161437E-03  -9.0167128553E-02   1.1646579922E-01   2.3019851023E-01   2.2397652286E-02
    9     -1.8524575410E-03   7.3452003604E-03  -8.4373112509E-03   2.2397652286E-02   5.6637410506E-02
   10     -2.0899724520E-03  -5.8896993423E-03   2.5072090322E-02  -3.7067499593E-03  -5.2798393684E-04
   11      5.6828940086E-03   2.0573349930E-02   5.7587774487E-03  -6.9289547333E-02  -4.1700920825E-03
   12      5.9074279302E-04  -6.3593023846E-04  -1.1657309254E-04   2.3940300409E-04  -1.7285082866E-04
   13     -3.6620281674E-07   4.4997344452E-05   8.5040242878E-05  -1.9003216888E-05  -3.9422575888E-05
   14      9.0735172211E-04  -8.3419089968E-04   5.1807949872E-05   6.2522390663E-04  -7.5060153427E-05
   15      6.7162660822E-04  -1.6025569136E-04  -6.2044055714E-04  -4.9736877394E-04  -2.2951683980E-04
   16      9.8912663683E-05  -7.2100810825E-05   2.5023224104E-04   2.0413091484E-04   2.7525562776E-06
   17      7.2555033407E-05  -7.6726908585E-05   3.0890028239E-04   3.6194603986E-04   6.5720223892E-05
   18      4.5311807098E-04  -7.0165412372E-04   6.9581649719E-05   5.9694297437E-05  -2.0823247393E-04
   19      4.4398808269E-04  -1.0289572625E-03   4.5402316657E-04   2.7188441664E-04  -2.3600755229E-04
   20      2.5679381700E-04  -1.8057386819E-04   9.0607162970E-05   1.3006560754E-04  -3.3102090777E-05
   21      1.9920498838E-02   6.4787838792E-03  -5.5800720743E-03  -3.9975825597E-03   3.0825635539E-03
   22     -4.0371917371E-03   1.7737550886E-03   2.9712711689E-03   1.8744011805E-03  -4.7248748434E-05
   23      8.1655857735E-03   1.4400892652E-03   2.6894247861E-03   2.8006827987E-03   1.9085575111E-03
   24      4.1572607537E-02   4.4337537767E-03   2.8217329965E-02   1.7657531495E-02   2.4263371693E-03
   25     -8.6769816252E-02  -5.4194380780E-03  -1.5241751733E-02  -1.0907914335E-02  -1.1372149513E-02
   26     -1.5591742701E-01  -3.3147918821E-03  -2.8954874032E-02  -2.2053795706E-02   1.6336853063E-02
   27     -2.5483406377E-03  -5.0549899053E-03   6.4538668185E-04   8.9267892164E-04   4.7660611291E-04
   28     -1.5399554601E-04   9.0843436581E-04  -2.4889468192E-03  -9.3059747659E-04   1.5632309618E-05
   29      4.0207186312E-03   5.7867183945E-04  -1.8237756394E-03  -2.3685505431E-03  -2.5628058142E-04
   30      1.6679711347E-02  -1.1024006724E-01   4.7668618708E-02   5.1631133287E-02  -7.8931227228E-02
   31     -1.3999284400E-02   5.1416723207E-02  -1.4411692641E-01  -8.6693746371E-02   6.3882110168E-03
   32     -2.0150733472E-02   4.3306937797E-02  -7.1283315046E-02  -1.4133786128E-01  -1.1323552307E-02
   33     -1.7908182823E-03   1.9569288536E-03   2.0874329007E-04  -2.4082312861E-04   7.4094791255E-04
   34     -9.1629013507E-04   1.1263510305E-04  -2.1774416084E-04  -3.2805366992E-04   2.2225076581E-04
   35     -1.3567210534E-03   4.0372036425E-04  -2.9329984652E-04  -4.3863174542E-04   1.5250093844E-05
   36      5.5037131729E-04  -2.8710123914E-05  -1.0685577165E-03  -9.6441228539E-04   1.9250288523E-04
   37     -1.2648746533E-04  -1.7768595691E-03   4.9840578549E-04   5.2146156602E-05  -8.3609701314E-05
   38     -4.3851178635E-04   3.1519900199E-04  -1.7786177180E-04  -5.4385402863E-04  -1.8336373535E-04
   39     -7.9849798202E-04   1.1203306531E-04  -2.6526850606E-04  -4.8233636594E-04   9.0574645424E-06
   40      3.5618640187E-04   6.9764558604E-04  -2.5591750630E-04  -6.5901808273E-04  -7.6123442398E-06
   41      2.1674515066E-04  -8.3817493569E-04   7.1117221192E-06   4.9899032635E-04   4.2675383469E-05
   42     -2.4851802760E-04  -9.4370292249E-03   8.9766100721E-03   8.1015994568E-03   9.3226081799E-03
   43      9.4764662808E-04   2.6334395115E-02  -6.2387492875E-03  -8.0552731137E-03   2.0590106668E-02
   44      4.2039115149E-04   3.3237940781E-02  -1.7169728823E-02  -3.2470185555E-03  -2.5613380471E-02
                   10                 11                 12                 13                 14        
    0     -6.5663105010E-03   1.8381628147E-03  -9.8132610988E-04  -4.3939289897E-05  -5.2226137384E-04
    1     -1.0662034366E-02   2.9120434602E-03   4.9061978050E-04   3.3868426764E-04  -4.1452772789E-04
    2      3.0189001290E-03   1.7146449281E-03  -2.0212128375E-05  -2.2287982874E-04   1.1235495147E-03
    3     -7.8087129446E-04  -1.3048022399E-03  -7.7787939420E-04  -4.5747377564E-05  -1.0232843176E-03
    4     -2.4378003226E-04   1.6173160651E-03   5.7072118965E-04   1.5954082031E-04   7.0130597540E-04
    5     -2.0899724520E-03   5.6828940086E-03   5.9074279302E-04  -3.6620281674E-07   9.0735172211E-04
    6     -5.8896993423E-03   2.0573349930E-02  -6.3593023846E-04   4.4997344452E-05  -8.3419089968E-04
    7      2.5072090322E-02   5.7587774487E-03  -1.1657309254E-04   8.5040242878E-05   5.1807949872E-05
    8     -3.7067499593E-03  -6.9289547333E-02   2.3940300409E-04  -1.9003216888E-05   6.2522390663E-04
    9     -5.2798393684E-04  -4.1700920825E-03  -1.7285082866E-04  -3.9422575888E-05  -7.5060153427E-05
   10      1.7205725800E-01  -1.4853032890E-01  -3.6598377162E-04   2.1211796485E-04  -5.7583818074E-04
   11     -1.4853032890E-01   2.7628037153E-01   3.9830262564E-04  -2.0061294114E-04   8.5500337186E-04
   12     -3.6598377162E-04   3.9830262564E-04   8.2603230948E-02  -1.8365341713E-02   5.7216010814E-02
   13      2.1211796485E-04  -2.0061294114E-04  -1.8365341713E-02   1.0047995446E-01  -7.9424500399E-02
   14     -5.7583818074E-04   8.5500337186E-04   5.7216010814E-02  -7.9424500399E-02   3.4542320154E-01
   15     -4.7899156883E-04   2.2242073315E-04   1.2674960722E-02  -1.9897469281E-03   2.2885237897E-02
   16      1.5164696690E-04  -1.6159617304E-05  -2.3670735418E-03   1.3999924743E-02  -6.5598930036E-03
   17      2.1304041095E-05   1.7630105369E-04   3.5375923240E-02  -1.1186823817E-02  -7.1684451716E-02
   18     -1.6776273017E-04   2.4973410098E-04   1.4187139838E-02   1.0070449835E-02  -2.0118944949E-03
   19      2.7250455502E-04   3.9636766361E-05   4.9991079008E-03  -4.3574408542E-02   4.4603471892E-02
   20     -1.0116851466E-04   2.0038614319E-04   9.7600900254E-04   5.7429601319E-02  -1.8115232029E-02
   21     -2.7749677935E-03   2.0064013553E-03  -1.8928202097E-04  -9.8853741063E-04  -1.7991251700E-03
   22      2.1528997849E-03  -1.4484452855E-03   2.0023052238E-04   8.0207708467E-04   5.0696078034E-04
   23     -2.7629061383E-03   3.9450836811E-03  -2.1832182418E-04   3.7229607017E-05   3.0448516068E-03
   24      6.8648923600E-03   1.4648567108E-04   3.3638187477E-03  -8.2223151828E-05   1.9512663567E-03
   25     -1.8318713909E-02   8.3019306752E-03  -8.4842653420E-04  -4.2023446573E-04   1.3022793873E-04
   26      4.0211344252E-02  -1.8824891025E-02  -6.7540222040E-04   3.2783637908E-04  -9.1668203146E-04
   27      1.2282424517E-03   2.8067672524E-04  -3.9665386143E-03  -1.7159008258E-03  -7.1490797036E-03
   28     -1.3303841143E-03   5.2316825194E-05   1.0194725260E-02   7.3228177027E-03   1.0075311767E-02
   29     -5.3049321822E-04  -3.7455408091E-04  -3.9957398991E-02  -3.1633343051E-03  -3.5820120394E-02
   30      8.7374917782E-03  -1.7318493066E-02   6.3778596156E-04   5.1981415984E-05   8.4616303654E-04
   31     -1.6107560881E-01   1.1093463433E-01   4.2059909783E-04  -3.2393550430E-04   3.8033780854E-04
   32      9.4105239489E-02  -1.7880246807E-01  -7.2119602921E-04   2.4309377861E-04  -1.6765747415E-03
   33      1.0170618269E-03  -1.0025520479E-03  -1.0092751856E-01   1.2674626582E-02  -6.4769658723E-02
   34     -4.1323624643E-04   2.2536489892E-04   7.2828478436E-03  -8.1444711082E-02   3.2882695937E-02
   35      6.5739841967E-04  -1.1269585690E-03  -5.3157368196E-02   3.6291015225E-02  -2.2527426519E-01
   36     -3.9198062081E-04   2.0317307562E-05   9.9550208282E-04   1.9373119641E-03   4.1877782682E-04
   37      1.5499577370E-04   2.0743904394E-04   4.3458991957E-04   1.5771344107E-03   7.0201004614E-05
   38      3.1808369171E-04  -5.5122902654E-04   7.1719516752E-04   6.0182625367E-04   7.4446489348E-04
   39      2.1832027894E-04  -4.1217271702E-04  -6.7270093518E-03  -1.4618665279E-03  -5.1042579847E-03
   40      5.6013313925E-05  -2.9585354027E-04  -2.4670055209E-03   7.5952382096E-04  -2.5176185073E-03
   41     -1.1993299990E-05   2.2248628079E-04  -7.5471352279E-04  -5.5463414062E-04   6.8125688798E-04
   42     -8.6310927835E-05  -1.5849206927E-03  -8.4103176220E-05  -1.1273883540E-05  -5.6995947013E-05
   43     -8.0857692047E-03   2.0441418084E-02  -9.8404798724E-05   2.6474074435E-05  -5.0646627504E-05
   44      1.9977703321E-02  -2.0107522885E-02   1.9379102220E-05  -1.7744318891E-05   8.2422666610E-05
                   15                 16                 17                 18                 19        
    0     -7.7084742173E-04   1.0453429809E-04   2.3116290180E-04  -4.8982003928E-04  -2.7398422925E-04
    1      9.6927269556E-04   1.7875906375E-04  -2.4869705602E-04   4.1460929876E-04   1.4297702783E-03
    2     -1.5133786717E-03  -8.8326806255E-06   5.4351051503E-04  -4.3369341729E-04  -9.4292786612E-04
    3     -2.3067206260E-03  -1.4222803462E-04   1.6062506076E-04  -7.1181744842E-04  -9.8644123862E-04
    4      1.3276203039E-03   2.1542657417E-04   5.1438522305E-05   5.5830605670E-04   1.1732206919E-03
    5      6.7162660822E-04   9.8912663683E-05   7.2555033407E-05   4.5311807098E-04   4.4398808269E-04
    6     -1.6025569136E-04  -7.2100810825E-05  -7.6726908585E-05  -7.0165412372E-04  -1.0289572625E-03
    7     -6.2044055714E-04   2.5023224104E-04   3.0890028239E-04   6.9581649719E-05   4.5402316657E-04
    8     -4.9736877394E-04   2.0413091484E-04   3.6194603986E-04   5.9694297437E-05   2.7188441664E-04
    9     -2.2951683980E-04   2.7525562776E-06   6.5720223892E-05  -2.0823247393E-04  -2.3600755229E-04
   10     -4.7899156883E-04   1.5164696690E-04   2.1304041095E-05  -1.6776273017E-04   2.7250455502E-04
   11      2.2242073315E-04  -1.6159617304E-05   1.7630105369E-04   2.4973410098E-04   3.9636766361E-05
   12      1.2674960722E-02  -2.3670735418E-03   3.5375923240E-02   1.4187139838E-02   4.9991079008E-03
   13     -1.9897469281E-03   1.3999924743E-02  -1.1186823817E-02   1.0070449835E-02  -4.3574408542E-02
   14      2.2885237897E-02  -6.5598930036E-03  -7.1684451716E-02  -2.0118944949E-03   4.4603471892E-02
   15      2.1076527057E-01  -8.3919227364E-02  -1.2233599991E-01   6.9945544140E-03   2.7203465402E-02
   16     -8.3919227364E-02   1.2408675480E-01   7.0775606361E-02   3.9330771925E-02  -5.5702328060E-02
   17     -1.2233599991E-01   7.0775606361E-02   1.7961693684E-01   8.6883326913E-03  -2.7206424783E-02
   18      6.9945544140E-03   3.9330771925E-02   8.6883326913E-03   7.3370190728E-02   2.8704150389E-02
   19      2.7203465402E-02  -5.5702328060E-02  -2.7206424783E-02   2.8704150389E-02   3.7767967034E-01
   20      6.2960225289E-03  -3.2920215728E-02   3.5589962711E-03  -2.2577651941E-03  -1.5106301820E-02
   21     -1.6320722548E-02  -7.8059696834E-04   6.2786319071E-04   3.4699938758E-05  -2.2013364024E-03
   22     -5.4807231079E-04   1.8195198696E-03   2.9517999487E-04  -5.4252545962E-04   4.9053187584E-03
   23     -4.5589555753E-03   1.1262955023E-04   2.7892452877E-03  -6.9849970721E-04   6.0157290434E-04
   24      5.6419140744E-03  -4.3704807231E-04  -9.5501491239E-04   3.0168771930E-03   2.4281247167E-03
   25     -2.9912882016E-03   1.0693781196E-04   4.3523303941E-04  -1.2153009719E-03  -2.8437024358E-03
   26      4.7299388516E-03   5.1354826203E-05  -7.3905108386E-04   4.4980270648E-04   1.7722004838E-03
   27     -2.9147159367E-02   1.8521796844E-03   6.2337153075E-03  -1.7300327446E-04  -2.6762869433E-03
   28      2.1236940470E-02   4.0392559095E-03  -5.0877622516E-03  -3.8504924258E-02  -4.0127644373E-02
   29      3.1280324759E-02  -2.7357432923E-03  -5.2637767201E-04   2.8825224063E-04  -1.1014033984E-03
   30     -4.2315562869E-06   1.6525512402E-04   1.4131701841E-04   6.0883211551E-04   1.0334568417E-03
   31      1.7292081822E-03  -4.8614417549E-04  -4.6967236330E-04   1.3040535864E-04  -8.9070385706E-04
   32     -7.2370406887E-05  -1.6399963514E-04  -5.0055903542E-04  -5.4632025499E-04  -6.7145774670E-04
   33     -1.8844087490E-01   4.5485992073E-02   7.0415835443E-02  -9.0602225274E-02  -5.1251702486E-02
   34      3.7376636383E-02  -9.0411015446E-02  -2.7737584754E-02  -3.8025175231E-02  -2.4402140650E-01
   35      6.1610458277E-02  -2.9172090735E-02  -1.1493541701E-01  -3.5132536168E-03  -7.8590059339E-04
   36      7.3986945476E-04   1.4795834399E-03  -2.7728279708E-04  -6.5174491338E-03  -5.7807921133E-03
   37     -1.8164056371E-04   2.1963328375E-03   1.7322693065E-04  -1.2610947764E-03   6.2184045073E-04
   38      9.5325273845E-04   7.1442840547E-04  -5.5373722166E-04  -1.5434180299E-03  -2.0030935289E-03
   39      7.7745839252E-04  -6.4397759394E-04   1.5067963098E-03   1.3019072523E-03   2.3060890917E-04
   40      1.2057083217E-03  -5.1320198709E-04  -6.0899672659E-05   5.0833634087E-04   6.0718752556E-04
   41      5.2519011775E-04  -5.5637663790E-04   1.7874719319E-03   8.1618148538E-04   1.1763280983E-04
   42     -2.1369867418E-04   1.2782190100E-05   4.3357690021E-05  -1.0999971160E-04  -1.3515402525E-04
   43     -3.9104317011E-04   6.7898851711E-05   9.8569846143E-05  -9.8079333528E-05   1.6657997115E-05
   44     -4.2023729129E-05   1.4654287996E-05   3.2630771969E-05   1.4975908332E-05   4.2006369507E-05
                   20                 21                 22                 23                 24        
    0     -7.1022714249E-05  -1.0835783364E-02   3.0420286800E-02  -3.9717331509E-02  -7.6533556448E-02
    1     -2.2270548854E-04   2.4359904975E-02  -5.0600903581E-03   2.1624809335E-02  -1.6566473060E-02
    2      3.4668957363E-04  -3.8938841389E-02   2.8742959319E-02  -3.0964850216E-02   1.4218389300E-02
    3     -2.3325970589E-04  -5.9984568416E-02   4.2178355257E-02   3.7958459074E-02  -9.2167022097E-02
    4      2.0837545325E-04   3.3694354534E-02  -7.2438728471E-03  -1.1128595859E-02   3.2393711619E-02
    5      2.5679381700E-04   1.9920498838E-02  -4.0371917371E-03   8.1655857735E-03   4.1572607537E-02
    6     -1.8057386819E-04   6.4787838792E-03   1.7737550886E-03   1.4400892652E-03   4.4337537767E-03
    7      9.0607162970E-05  -5.5800720743E-03   2.9712711689E-03   2.6894247861E-03   2.8217329965E-02
    8      1.3006560754E-04  -3.9975825597E-03   1.8744011805E-03   2.8006827987E-03   1.7657531495E-02
    9     -3.3102090777E-05   3.0825635539E-03  -4.7248748434E-05   1.9085575111E-03   2.4263371693E-03
   10     -1.0116851466E-04  -2.7749677935E-03   2.1528997849E-03  -2.7629061383E-03   6.8648923600E-03
   11      2.0038614319E-04   2.0064013553E-03  -1.4484452855E-03   3.9450836811E-03   1.4648567108E-04
   12      9.7600900254E-04  -1.8928202097E-04   2.0023052238E-04  -2.1832182418E-04   3.3638187477E-03
   13      5.7429601319E-02  -9.8853741063E-04   8.0207708467E-04   3.7229607017E-05  -8.2223151828E-05
   14     -1.8115232029E-02  -1.7991251700E-03   5.0696078034E-04   3.0448516068E-03   1.9512663567E-03
   15      6.2960225289E-03  -1.6320722548E-02  -5.4807231079E-04  -4.5589555753E-03   5.6419140744E-03
   16     -3.2920215728E-02  -7.8059696834E-04   1.8195198696E-03   1.1262955023E-04  -4.3704807231E-04
   17      3.5589962711E-03   6.2786319071E-04   2.9517999487E-04   2.7892452877E-03  -9.5501491239E-04
   18     -2.2577651941E-03   3.4699938758E-05  -5.4252545962E-04  -6.9849970721E-04   3.0168771930E-03
   19     -1.5106301820E-02  -2.2013364024E-03   4.9053187584E-03   6.0157290434E-04   2.4281247167E-03
   20      7.8114061480E-02  -1.3344366116E-03   1.1950664239E-03   1.1041657258E-03   1.2823460918E-04
   21     -1.3344366116E-03   5.0636973243E-01  -1.2560096756E-01  -1.1543332789E-02  -2.2536865663E-01
   22      1.1950664239E-03  -1.2560096756E-01   1.5149813169E-01   5.8132693135E-02   1.1331225423E-02
   23      1.1041657258E-03  -1.1543332789E-02   5.8132693135E-02   2.8955608544E-01  -4.2060616974E-02
   24      1.2823460918E-04  -2.2536865663E-01   1.1331225423E-02  -4.2060616974E-02   5.5261709084E-01
   25      1.4225406450E-04  -8.2351825569E-03  -6.8303380167E-02  -1.4563583260E-02   1.9537154655E-02
   26     -3.3596419169E-04  -6.3893053564E-02  -7.1871053388E-03  -1.1176852779E-01  -3.7298077964E-03
   27     -1.4686934939E-03  -1.2139053035E-01   3.6751538868E-02   3.0779903854E-02  -4.3885743450E-02
   28     -1.1254907760E-02   3.8671754779E-02  -8.0181447926E-02  -3.6075831527E-02   1.1282183352E-02
   29      6.0654405375E-03   5.7461463938E-02  -4.6771263834E-02  -1.4156427943E-01   7.5905796569E-03
   30      2.6823526255E-04  -4.1225110410E-02  -2.2057435825E-02  -1.4739292460E-02  -1.1572936992E-01
   31     -6.3277884672E-05   2.0453999967E-02   7.5705908699E-03   4.7723014735E-03  -6.8532560721E-02
   32     -3.7830966162E-04  -1.1613589587E-02  -4.2737383059E-03  -2.3049670477E-03  -2.1942164249E-02
   33     -2.0010242013E-03  -2.3748859995E-02   1.4280992221E-03   5.2731859110E-03  -1.2909317396E-02
   34      9.4005492209E-04   2.4871391871E-02  -3.3816960503E-03   3.0572036653E-03  -1.3663308477E-03
   35     -7.2892557610E-02   3.5773449931E-02  -1.2870969991E-04  -1.4629591966E-04  -1.5084870201E-03
   36     -2.0794215445E-03  -9.1215219204E-03   2.9259789316E-02   6.8220993697E-03   5.5570963145E-03
   37     -7.8784004973E-04   1.0583015397E-02  -8.1996601726E-03  -6.8318472987E-03  -3.2214072887E-03
   38      4.0665979589E-04   9.2861684177E-03  -2.6076430294E-02  -2.6722162040E-03  -3.4271261897E-03
   39      1.9843697809E-03  -5.7959104638E-03  -2.2568309955E-03   2.9841768709E-02   4.6073258670E-03
   40      3.5854214721E-04   6.2482032353E-04   4.3409188299E-03  -1.7765008686E-02  -7.6451518374E-04
   41      1.5154198367E-03   8.8309716812E-03  -1.5815352947E-04  -2.1767460638E-02  -3.8989530447E-03
   42     -8.8185458049E-06  -1.9848336818E-03  -2.2333514507E-03  -4.7102621362E-04  -1.5070548045E-02
   43      1.7031765236E-05  -7.1544292206E-03  -3.6905805310E-03  -1.8666545794E-03  -2.0980016517E-02
   44      2.3384703385E-05  -8.0354232051E-04  -6.9965991767E-04  -2.1710306228E-04  -5.6993549658E-03
                   25                 26                 27                 28                 29        
    0     -1.0966827865E-02   7.8989399499E-03   2.1409411085E-03  -7.1268313481E-04  -2.8548788112E-03
    1     -1.3619636132E-01   5.9789867350E-02  -2.9345253526E-03   2.9459554236E-03   4.5474771620E-03
    2      7.3644639548E-02  -1.3718071726E-01   8.1836615681E-03  -3.5513474341E-03  -8.0820627304E-03
    3      3.9543937896E-02   4.2907661220E-02   9.4750002854E-04   7.3046962170E-04  -7.7347217934E-03
    4     -1.5138681231E-01  -7.8843172163E-02  -1.4372294542E-03   3.3441948278E-03   3.5323905391E-03
    5     -8.6769816252E-02  -1.5591742701E-01  -2.5483406377E-03  -1.5399554601E-04   4.0207186312E-03
    6     -5.4194380780E-03  -3.3147918821E-03  -5.0549899053E-03   9.0843436581E-04   5.7867183945E-04
    7     -1.5241751733E-02  -2.8954874032E-02   6.4538668185E-04  -2.4889468192E-03  -1.8237756394E-03
    8     -1.0907914335E-02  -2.2053795706E-02   8.9267892164E-04  -9.3059747659E-04  -2.3685505431E-03
    9     -1.1372149513E-02   1.6336853063E-02   4.7660611291E-04   1.5632309618E-05  -2.5628058142E-04
   10     -1.8318713909E-02   4.0211344252E-02   1.2282424517E-03  -1.3303841143E-03  -5.3049321822E-04
   11      8.3019306752E-03  -1.8824891025E-02   2.8067672524E-04   5.2316825194E-05  -3.7455408091E-04
   12     -8.4842653420E-04  -6.7540222040E-04  -3.9665386143E-03   1.0194725260E-02  -3.9957398991E-02
   13     -4.2023446573E-04   3.2783637908E-04  -1.7159008258E-03   7.3228177027E-03  -3.1633343051E-03
   14      1.3022793873E-04  -9.1668203146E-04  -7.1490797036E-03   1.0075311767E-02  -3.5820120394E-02
   15     -2.9912882016E-03   4.7299388516E-03  -2.9147159367E-02   2.1236940470E-02   3.1280324759E-02
   16      1.0693781196E-04   5.1354826203E-05   1.8521796844E-03   4.0392559095E-03  -2.7357432923E-03
   17      4.3523303941E-04  -7.3905108386E-04   6.2337153075E-03  -5.0877622516E-03  -5.2637767201E-04
   18     -1.2153009719E-03   4.4980270648E-04  -1.7300327446E-04  -3.8504924258E-02   2.8825224063E-04
   19     -2.8437024358E-03   1.7722004838E-03  -2.6762869433E-03  -4.0127644373E-02  -1.1014033984E-03
   20      1.4225406450E-04  -3.3596419169E-04  -1.4686934939E-03  -1.1254907760E-02   6.0654405375E-03
   21     -8.2351825569E-03  -6.3893053564E-02  -1.2139053035E-01   3.8671754779E-02   5.7461463938E-02
   22     -6.8303380167E-02  -7.1871053388E-03   3.6751538868E-02  -8.0181447926E-02  -4.6771263834E-02
   23     -1.4563583260E-02  -1.1176852779E-01   3.0779903854E-02  -3.6075831527E-02  -1.4156427943E-01
   24      1.9537154655E-02  -3.7298077964E-03  -4.3885743450E-02   1.1282183352E-02   7.5905796569E-03
   25      5.2699204200E-01   4.5247224998E-02   2.1146329301E-02  -1.7096258195E-02  -2.6670827568E-03
   26      4.5247224998E-02   4.7829266883E-01   1.7379831991E-02   2.0810203659E-03   1.5742003021E-02
   27      2.1146329301E-02   1.7379831991E-02   4.8230016602E-01   7.1678744813E-04   4.3150100542E-02
   28     -1.7096258195E-02   2.0810203659E-03   7.1678744813E-04   5.9524487707E-01  -5.3654492891E-02
   29     -2.6670827568E-03   1.5742003021E-02   4.3150100542E-02  -5.3654492891E-02   5.6776997359E-01
   30     -4.9792784686E-02  -2.0444429344E-02   1.5730955339E-03  -3.0207161894E-03  -2.8247569674E-03
   31     -1.3433601177E-01  -2.2221114058E-02  -5.9063596966E-03   5.8720680129E-03   4.9646655218E-03
   32     -1.7520814036E-02  -3.9098078209E-02  -3.1176898790E-03   4.8218586320E-04   2.1965396540E-03
   33      3.2038234071E-03  -1.0670091146E-03  -1.7112530370E-01  -3.6515110642E-02  -3.4898328193E-02
   34      3.2652207951E-03  -4.5944948795E-03  -4.8011500195E-02  -7.9563634304E-02  -6.3737485602E-03
   35      1.3101436724E-03  -4.3232257706E-03  -5.0526559347E-02  -5.9829785461E-03  -7.5774405849E-02
   36      2.5092783443E-03   2.1612106029E-03  -5.2229123864E-02  -1.7743464591E-02  -4.0980480598E-03
   37     -1.9645647646E-04  -1.6588730557E-03  -1.6692326069E-02  -3.1302775163E-01   1.8143011958E-02
   38     -4.2808958661E-04  -2.1409511407E-03  -1.5018933913E-03   2.2757330020E-02  -5.2654410714E-02
   39     -2.7664760031E-03   6.1580910973E-03  -6.0937944597E-02   1.2884224849E-02  -4.7160336598E-02
   40      2.7097436772E-03  -1.4470401571E-03   1.5545328673E-02  -8.4040069527E-02   8.8907319785E-02
   41      2.1132901502E-03  -3.6510657638E-03  -4.1146709865E-02   8.1530394524E-02  -2.7831481553E-01
   42      7.5633035565E-03  -4.9414050332E-03   4.7202831834E-04  -1.8013796295E-04  -5.4482948361E-04
   43      1.1265738507E-02  -5.0784449834E-03   1.5242197509E-03  -9.1303206209E-04  -1.3184984598E-03
   44      2.0366261536E-03   2.9157051362E-03   5.3858391168E-04  -2.4167454267E-04  -3.1509848176E-04
                   30                 31                 32                 33                 34        
    0      5.6191489199E-03  -8.2964961496E-03   1.6271484129E-02   2.6667098892E-03   5.3115061998E-04
    1      5.2565829929E-04  -1.6242970763E-02   3.9232120911E-02  -1.8257004949E-03  -2.2774197169E-03
    2     -5.4148522449E-04   9.7942520427E-03  -2.1510090543E-02   1.5656204932E-03   1.3715858651E-03
    3      4.6604224659E-03  -2.2468882437E-03  -3.1647298993E-04   3.4537391764E-03   2.4733702226E-03
    4      2.2904565154E-02  -1.7363314369E-02  -3.3041299153E-02  -2.2120265733E-03  -2.2919499725E-03
    5      1.6679711347E-02  -1.3999284400E-02  -2.0150733472E-02  -1.7908182823E-03  -9.1629013507E-04
    6     -1.1024006724E-01   5.1416723207E-02   4.3306937797E-02   1.9569288536E-03   1.1263510305E-04
    7      4.7668618708E-02  -1.4411692641E-01  -7.1283315046E-02   2.0874329007E-04  -2.1774416084E-04
    8      5.1631133287E-02  -8.6693746371E-02  -1.4133786128E-01  -2.4082312861E-04  -3.2805366992E-04
    9     -7.8931227228E-02   6.3882110168E-03  -1.1323552307E-02   7.4094791255E-04   2.2225076581E-04
   10      8.7374917782E-03  -1.6107560881E-01   9.4105239489E-02   1.0170618269E-03  -4.1323624643E-04
   11     -1.7318493066E-02   1.1093463433E-01  -1.7880246807E-01  -1.0025520479E-03   2.2536489892E-04
   12      6.3778596156E-04   4.2059909783E-04  -7.2119602921E-04  -1.0092751856E-01   7.2828478436E-03
   13      5.1981415984E-05  -3.2393550430E-04   2.4309377861E-04   1.2674626582E-02  -8.1444711082E-02
   14      8.4616303654E-04   3.8033780854E-04  -1.6765747415E-03  -6.4769658723E-02   3.2882695937E-02
   15     -4.2315562869E-06   1.7292081822E-03  -7.2370406887E-05  -1.8844087490E-01   3.7376636383E-02
   16      1.6525512402E-04  -4.8614417549E-04  -1.6399963514E-04   4.5485992073E-02  -9.0411015446E-02
   17      1.4131701841E-04  -4.6967236330E-04  -5.0055903542E-04   7.0415835443E-02  -2.7737584754E-02
   18      6.0883211551E-04   1.3040535864E-04  -5.4632025499E-04  -9.0602225274E-02  -3.8025175231E-02
   19      1.0334568417E-03  -8.9070385706E-04  -6.7145774670E-04  -5.1251702486E-02  -2.4402140650E-01
   20      2.6823526255E-04  -6.3277884672E-05  -3.7830966162E-04  -2.0010242013E-03   9.4005492209E-04
   21     -4.1225110410E-02   2.0453999967E-02  -1.1613589587E-02  -2.3748859995E-02   2.4871391871E-02
   22     -2.2057435825E-02   7.5705908699E-03  -4.2737383059E-03   1.4280992221E-03  -3.3816960503E-03
   23     -1.4739292460E-02   4.7723014735E-03  -2.3049670477E-03   5.2731859110E-03   3.0572036653E-03
   24     -1.1572936992E-01  -6.8532560721E-02  -2.1942164249E-02  -1.2909317396E-02  -1.3663308477E-03
   25     -4.9792784686E-02  -1.3433601177E-01  -1.7520814036E-02   3.2038234071E-03   3.2652207951E-03
   26     -2.0444429344E-02  -2.2221114058E-02  -3.9098078209E-02  -1.0670091146E-03  -4.5944948795E-03
   27      1.5730955339E-03  -5.9063596966E-03  -3.1176898790E-03  -1.7112530370E-01  -4.8011500195E-02
   28     -3.0207161894E-03   5.8720680129E-03   4.8218586320E-04  -3.6515110642E-02  -7.9563634304E-02
   29     -2.8247569674E-03   4.9646655218E-03   2.1965396540E-03  -3.4898328193E-02  -6.3737485602E-03
   30      6.3037193271E-01  -4.9154697383E-02   5.0618527427E-02  -1.9564690008E-03  -6.3657621773E-04
   31     -4.9154697383E-02   5.3136226809E-01  -1.9186066415E-02  -1.5301184222E-03   4.4406870736E-04
   32      5.0618527427E-02  -1.9186066415E-02   4.6055922471E-01   1.6804956071E-03   1.5936695156E-04
   33     -1.9564690008E-03  -1.5301184222E-03   1.6804956071E-03   5.7872487937E-01   3.2429855081E-02
   34     -6.3657621773E-04   4.4406870736E-04   1.5936695156E-04   3.2429855081E-02   5.1090459992E-01
   35     -5.7485702791E-04  -8.1391748043E-04   2.0931806167E-03   3.3487804695E-02   8.2711258044E-03
   36     -1.4041148524E-03   1.6698478288E-03   8.1949666583E-04   2.4607451129E-03  -3.0379595193E-02
   37      1.2557546282E-03  -1.1959662626E-03  -7.2124616650E-04  -4.4296026514E-04  -1.3522390994E-02
   38      1.6967219408E-04  -2.6438573947E-04   1.4795411310E-03  -3.4307731831E-03  -1.1529032896E-02
   39     -8.5287258695E-04   2.8667380185E-04   8.9024325040E-04  -6.7628634298E-04   1.2835226309E-02
   40     -4.0186617473E-04   2.8060552520E-04   1.2590818459E-03  -2.9951086179E-03   2.8579922950E-03
   41      5.8258215668E-04  -5.9580612771E-04  -6.7159312645E-04  -3.4012627607E-03   4.4905018838E-03
   42     -2.9312775491E-01   5.3031236262E-02  -6.3991276334E-02   3.8290485902E-04   1.4610086185E-04
   43      4.2861510420E-02  -6.9498019283E-02   1.1341058837E-02   4.6223864384E-04   7.3322753723E-05
   44     -6.4436580478E-02   1.3500868486E-02  -5.9897250923E-02  -1.6655156572E-05   2.6747562923E-05
                   35                 36                 37                 38                 39        
    0     -2.5602134865E-04  -6.9208793211E-04   3.1922509312E-04  -2.1637561958E-04  -1.1432321881E-03
    1      4.9451672795E-04   5.5194969727E-05  -1.9172994394E-04  -2.1301078327E-04   1.5861238130E-03
    2     -6.1298677410E-04  -9.4084367397E-04   5.1490357196E-04   1.2184690943E-03  -1.9589043257E-03
    3      2.7386977474E-03  -1.9010232707E-03   7.2201245366E-04   1.2074068726E-03  -2.5261982218E-04
    4     -1.9747215803E-03   1.7002574456E-05  -2.0286994504E-05  -1.9362392139E-04   3.5182701407E-04
    5     -1.3567210534E-03   5.5037131729E-04  -1.2648746533E-04  -4.3851178635E-04  -7.9849798202E-04
    6      4.0372036425E-04  -2.8710123914E-05  -1.7768595691E-03   3.1519900199E-04   1.1203306531E-04
    7     -2.9329984652E-04  -1.0685577165E-03   4.9840578549E-04  -1.7786177180E-04  -2.6526850606E-04
    8     -4.3863174542E-04  -9.6441228539E-04   5.2146156602E-05  -5.4385402863E-04  -4.8233636594E-04
    9      1.5250093844E-05   1.9250288523E-04  -8.3609701314E-05  -1.8336373535E-04   9.0574645424E-06
   10      6.5739841967E-04  -3.9198062081E-04   1.5499577370E-04   3.1808369171E-04   2.1832027894E-04
   11     -1.1269585690E-03   2.0317307562E-05   2.0743904394E-04  -5.5122902654E-04  -4.1217271702E-04
   12     -5.3157368196E-02   9.9550208282E-04   4.3458991957E-04   7.1719516752E-04  -6.7270093518E-03
   13      3.6291015225E-02   1.9373119641E-03   1.5771344107E-03   6.0182625367E-04  -1.4618665279E-03
   14     -2.2527426519E-01   4.1877782682E-04   7.0201004614E-05   7.4446489348E-04  -5.1042579847E-03
   15      6.1610458277E-02   7.3986945476E-04  -1.8164056371E-04   9.5325273845E-04   7.7745839252E-04
   16     -2.9172090735E-02   1.4795834399E-03   2.1963328375E-03   7.1442840547E-04  -6.4397759394E-04
   17     -1.1493541701E-01  -2.7728279708E-04   1.7322693065E-04  -5.5373722166E-04   1.5067963098E-03
   18     -3.5132536168E-03  -6.5174491338E-03  -1.2610947764E-03  -1.5434180299E-03   1.3019072523E-03
   19     -7.8590059339E-04  -5.7807921133E-03   6.2184045073E-04  -2.0030935289E-03   2.3060890917E-04
   20     -7.2892557610E-02  -2.0794215445E-03  -7.8784004973E-04   4.0665979589E-04   1.9843697809E-03
   21      3.5773449931E-02  -9.1215219204E-03   1.0583015397E-02   9.2861684177E-03  -5.7959104638E-03
   22     -1.2870969991E-04   2.9259789316E-02  -8.1996601726E-03  -2.6076430294E-02  -2.2568309955E-03
   23     -1.4629591966E-04   6.8220993697E-03  -6.8318472987E-03  -2.6722162040E-03   2.9841768709E-02
   24     -1.5084870201E-03   5.5570963145E-03  -3.2214072887E-03  -3.4271261897E-03   4.6073258670E-03
   25      1.3101436724E-03   2.5092783443E-03  -1.9645647646E-04  -4.2808958661E-04  -2.7664760031E-03
   26     -4.3232257706E-03   2.1612106029E-03  -1.6588730557E-03  -2.1409511407E-03   6.1580910973E-03
   27     -5.0526559347E-02  -5.2229123864E-02  -1.6692326069E-02  -1.5018933913E-03  -6.0937944597E-02
   28     -5.9829785461E-03  -1.7743464591E-02  -3.1302775163E-01   2.2757330020E-02   1.2884224849E-02
   29     -7.5774405849E-02  -4.0980480598E-03   1.8143011958E-02  -5.2654410714E-02  -4.7160336598E-02
   30     -5.7485702791E-04  -1.4041148524E-03   1.2557546282E-03   1.6967219408E-04  -8.5287258695E-04
   31     -8.1391748043E-04   1.6698478288E-03  -1.1959662626E-03  -2.6438573947E-04   2.8667380185E-04
   32      2.0931806167E-03   8.1949666583E-04  -7.2124616650E-04   1.4795411310E-03   8.9024325040E-04
   33      3.3487804695E-02   2.4607451129E-03  -4.4296026514E-04  -3.4307731831E-03  -6.7628634298E-04
   34      8.2711258044E-03  -3.0379595193E-02  -1.3522390994E-02  -1.1529032896E-02   1.2835226309E-02
   35      5.0615978797E-01   4.0024789158E-03   2.2244256719E-03   4.4254105040E-04  -2.8435774722E-02
   36      4.0024789158E-03   5.9677670902E-02   1.2221924864E-02  -5.2418624075E-03   2.2945431977E-03
   37      2.2244256719E-03   1.2221924864E-02   3.3812100509E-01  -1.2104272826E-02  -1.8702104259E-03
   38      4.4254105040E-04  -5.2418624075E-03  -1.2104272826E-02   5.3557452888E-02   2.8138779527E-03
   39     -2.8435774722E-02   2.2945431977E-03  -1.8702104259E-03   2.8138779527E-03   6.7359915986E-02
   40     -1.0222305371E-02   6.4724335876E-03  -7.0381329642E-03   2.8504180820E-02  -1.8971383806E-02
   41     -1.1729434354E-02  -1.1328147190E-03   7.2212676338E-04   1.7915727496E-03   4.1216899216E-02
   42      1.3642389501E-04  -2.3898852536E-05  -1.4634905720E-05   8.1411981080E-05  -7.6365872781E-05
   43      1.7985573364E-04  -2.4975544507E-04   2.2266108894E-04   1.0110348779E-04  -1.5953344932E-04
   44     -8.4609781766E-05  -5.9438288510E-05   1.1593442840E-04  -8.5791481353E-05  -5.8658081615E-05
                   40                 41                 42                 43                 44        
    0      6.2307889352E-04  -1.3580131911E-03   1.7031908700E-03   1.6267018647E-03   3.2533793889E-04
    1     -1.3060300600E-03  -3.5844236031E-04  -7.5843556148E-04  -4.0012982459E-05  -1.1990376957E-03
    2      2.4647542284E-04   2.8098255411E-03   1.1479794730E-03   1.3910541520E-04   8.6620678544E-04
    3     -1.5018852187E-04   4.6813015728E-04   2.2090833866E-03   1.2517692705E-03   2.9576903644E-04
    4     -3.7091067963E-04  -3.0306044695E-04  -8.7323169288E-04   5.8347442863E-04   7.3826004038E-04
    5      3.5618640187E-04   2.1674515066E-04  -2.4851802760E-04   9.4764662808E-04   4.2039115149E-04
    6      6.9764558604E-04  -8.3817493569E-04  -9.4370292249E-03   2.6334395115E-02   3.3237940781E-02
    7     -2.5591750630E-04   7.1117221192E-06   8.9766100721E-03  -6.2387492875E-03  -1.7169728823E-02
    8     -6.5901808273E-04   4.9899032635E-04   8.1015994568E-03  -8.0552731137E-03  -3.2470185555E-03
    9     -7.6123442398E-06   4.2675383469E-05   9.3226081799E-03   2.0590106668E-02  -2.5613380471E-02
   10      5.6013313925E-05  -1.1993299990E-05  -8.6310927835E-05  -8.0857692047E-03   1.9977703321E-02
   11     -2.9585354027E-04   2.2248628079E-04  -1.5849206927E-03   2.0441418084E-02  -2.0107522885E-02
   12     -2.4670055209E-03  -7.5471352279E-04  -8.4103176220E-05  -9.8404798724E-05   1.9379102220E-05
   13      7.5952382096E-04  -5.5463414062E-04  -1.1273883540E-05   2.6474074435E-05  -1.7744318891E-05
