
$orca_hessian_file

$act_atom
  0

$act_coord
  0

$act_energy
        0.000000

$multiplicity
  1

$hessian
45
                    0                  1                  2                  3                  4        
    0      1.6156693524E-01   5.0278672983E-02  -1.4195633540E-01   4.6517632689E-03   6.8048853463E-03
    1      5.0278672983E-02   9.6394123691E-02  -8.0762250423E-02   1.3436897891E-02   1.3828048587E-02
    2     -1.4195633540E-01  -8.0762250423E-02   3.3159847109E-01   2.2247272484E-02  -1.9723582534E-02
    3      4.6517632689E-03   1.3436897891E-02   2.2247272484E-02   7.5010384148E-02   3.9834060150E-03
    4      6.8048853463E-03   1.3828048587E-02  -1.9723582534E-02   3.9834060150E-03   2.5856386620E-01
    5      1.8812595012E-02  -3.5235741317E-02  -5.7102184803E-02  -5.5762618315E-04   1.4425591107E-01
    6      5.6407574826E-03   9.8939365309E-04  -9.5980091878E-04   2.8134522738E-03   5.5256204028E-03
    7      2.2917475930E-03   1.6069627053E-03  -1.9411617630E-03   7.8352088402E-05   2.1631556618E-03
    8     -3.1225562899E-03  -2.1668417719E-03   4.2146404961E-03   3.6826454368E-04   2.3768249763E-03
    9      1.0477977485E-03   4.9641810380E-04  -1.4951981905E-03  -7.5257260130E-04   5.0258560415E-03
   10      2.2217632410E-04   2.2098284081E-03   4.6486465128E-03   6.4785160866E-03  -1.2078829667E-02
   11     -6.8257884089E-04  -2.1249355933E-03   5.6197433167E-03  -1.8083755349E-04   2.7990129525E-03
   12     -7.4560545021E-04  -4.0807437243E-04   6.2019890935E-04  -5.1856522382E-04  -6.4063152910E-04
   13      8.2242075574E-04   8.0039304917E-04  -5.7993414675E-04   1.5944824550E-04   1.5872611861E-03
   14     -4.6236148984E-04  -3.3067294636E-04   4.4692428171E-04  -1.1355780831E-04  -1.4887676097E-04
   15     -2.5453904025E-03  -1.0096764810E-03   1.0659914413E-03  -8.1807397368E-04  -1.3503534169E-03
   16     -1.9411529369E-05   5.8142816305E-05  -1.1058918206E-05  -1.1207388778E-04   2.0814024862E-04
   17      2.1366650677E-04   3.5920869041E-06   4.5505948864E-05   2.8343224661E-04   3.5403516165E-04
   18     -8.0170262528E-04  -3.3419061593E-04   7.5860926376E-04  -9.3824555836E-04  -4.8846857421E-04
   19     -2.7388438387E-04   1.0297854646E-05   2.9461625252E-04  -1.5770586715E-04   4.6265532174E-04
   20     -9.9217199898E-04  -4.1043255799E-04   1.0125110755E-03  -4.3324748736E-04   4.7808956222E-04
   21     -5.7279033569E-02  -2.2093650186E-02   2.6688526703E-02  -1.2399485447E-02  -3.5501046913E-02
   22     -2.8214589725E-02  -4.0212784408E-04   7.1908212770E-03  -4.3118070499E-02  -1.9162410765E-02
   23      5.0750605584E-02   1.2874395815E-02   2.4307704687E-03  -2.7796531509E-02  -2.3181292502E-02
   24     -1.1134323872E-01  -2.7240266043E-02   7.9164941481E-02  -7.5761718986E-02   1.7451659327E-02
   25     -3.1596960518E-02  -1.0654110410E-01   7.5978230914E-02   9.3355605335E-03  -2.0928580111E-01
   26      8.2062002172E-02   7.0711804105E-02  -2.4893630729E-01   2.7399518411E-03  -6.6750895174E-02
   27     -1.8573233339E-03  -1.0833386685E-03  -1.9394903363E-03   2.6810048043E-03   5.0477208519E-03
   28     -3.0447124769E-04   3.5128198051E-03  -6.7284046687E-04   5.7947335369E-04   1.5345673608E-03
   29     -7.0767742582E-03  -2.3495215807E-03   4.8815700609E-03  -4.0960966642E-03  -8.2801238231E-03
   30      1.7031900478E-04  -1.8530255198E-02   2.3249705582E-02   5.4641811994E-03  -5.4359692245E-03
   31      1.0688176778E-03  -5.5153415326E-03   1.0458245937E-02   1.0715240732E-02  -3.5325585758E-02
   32     -1.9121366265E-03   3.5474585786E-02  -4.0782761052E-02   8.8898884750E-03  -3.5828770013E-02
   33      3.6574182290E-03   1.5423052379E-03  -2.5130821804E-03   2.6948446924E-03   2.4756129403E-03
   34     -1.5751920163E-03  -1.1746823238E-03   7.1620822371E-04  -3.7566337287E-04  -2.4099015846E-03
   35      3.5907997913E-03   1.8193753875E-03  -2.0817443890E-03  -1.2585134080E-04   1.2961199559E-04
   36     -2.5312920573E-04  -5.7671232241E-04  -7.8532956937E-04  -6.7680149115E-04  -2.0792994121E-03
   37      1.9571531463E-04  -4.2093604207E-04  -1.7210605270E-04  -6.1297318374E-04  -1.1049433054E-03
   38      6.0654186059E-04   5.3733561254E-04   3.2321574224E-04  -7.9016277707E-04   2.1231387654E-03
   39     -1.3690494835E-03   4.8931228462E-04   2.6455816760E-04  -8.9556857853E-04  -2.3336817348E-04
   40     -6.5023883783E-04   1.1031621735E-04   4.8572336085E-05  -5.9032997877E-04  -2.1335309725E-04
   41      1.2175669343E-03  -1.6566638836E-04  -3.4750528496E-04   2.1245788423E-04   8.3796782308E-04
   42     -5.4051817922E-04   3.9449118344E-03  -4.1705083759E-03  -5.5459852687E-04  -5.4695032908E-04
   43      1.0485641628E-03  -4.4767412947E-03   4.4875410632E-03   1.6124849117E-04   1.2331307220E-03
   44     -1.2889220151E-03   2.1650255735E-03  -1.3228496671E-03  -6.7235338833E-04   9.3600633770E-04
                    5                  6                  7                  8                  9        
    0      1.8812595012E-02   5.6407574826E-03   2.2917475930E-03  -3.1225562899E-03   1.0477977485E-03
    1     -3.5235741317E-02   9.8939365309E-04   1.6069627053E-03  -2.1668417719E-03   4.9641810380E-04
    2     -5.7102184803E-02  -9.5980091878E-04  -1.9411617630E-03   4.2146404961E-03  -1.4951981905E-03
    3     -5.5762618315E-04   2.8134522738E-03   7.8352088402E-05   3.6826454368E-04  -7.5257260130E-04
    4      1.4425591107E-01   5.5256204028E-03   2.1631556618E-03   2.3768249763E-03   5.0258560415E-03
    5      1.8109291112E-01   1.1910660622E-03   1.3482816968E-03   1.5824586084E-03  -3.6896486668E-04
    6      1.1910660622E-03   4.0404519880E-01   7.8250214350E-02   4.5202779653E-04  -1.7591671042E-02
    7      1.3482816968E-03   7.8250214350E-02   8.3075128882E-02   2.9341765043E-03  -4.8508228032E-02
    8      1.5824586084E-03   4.5202779653E-04   2.9341765043E-03   5.9786458467E-02  -2.7115891840E-02
    9     -3.6896486668E-04  -1.7591671042E-02  -4.8508228032E-02  -2.7115891840E-02   7.2989745825E-02
   10      1.5474870086E-03  -3.6783793841E-02  -2.0456284661E-02  -1.3165256884E-02   3.3794931283E-02
   11      2.4968042769E-03  -2.0027356635E-02  -1.2231143243E-02   6.4607310100E-03   2.2451090027E-02
   12     -2.8336961847E-04  -8.9508822031E-04  -1.9289986556E-05   3.3760306510E-05  -4.3416460089E-04
   13      4.7489433290E-04   7.3051610941E-04   2.6690245411E-04  -1.1859446989E-04   3.5962992158E-04
   14      1.1062807978E-04  -2.5022151320E-04  -8.6518448119E-05   8.8671199359E-05  -1.1970747475E-04
   15     -1.1051463130E-03  -1.2923033961E-03   2.7939556681E-04  -2.3085389101E-04  -3.4228647499E-04
   16      5.0414795666E-05  -9.8131527008E-05   1.0166970558E-04  -4.1268367149E-05   1.7903261410E-05
   17      4.2183470415E-04   3.4886205627E-04  -8.8435114211E-05   1.3930989223E-04   1.1261811864E-04
   18      1.8336489707E-04  -7.9397845008E-04   6.2474607193E-05   5.9599558779E-05  -2.5844381412E-04
   19      3.4059224126E-04  -1.3416230301E-04   1.1330856527E-04   7.8092397293E-05   1.2643620716E-05
   20      8.0266638835E-04  -4.8835006923E-04   4.4293341307E-05   2.0020255670E-04  -1.2849556482E-04
   21     -2.9763647716E-02  -9.7846706094E-03   6.3423491668E-03  -5.0151069793E-03   1.9085718579E-03
   22     -3.0380400764E-02   6.3873555261E-03  -1.4464341475E-03   2.0788065588E-03   2.3299801510E-03
   23     -1.2194915024E-02  -4.6174641717E-03   3.3445570891E-03  -1.7744861214E-03   1.9414890430E-03
   24      9.1893408115E-03  -4.5000722005E-02   1.6404839292E-02  -1.6446580820E-02   1.5213541509E-03
   25     -7.6746756009E-02  -1.8580484527E-02   6.5700655259E-03  -2.3662799455E-03   8.1814190136E-03
   26     -1.1479510143E-01   3.2564386413E-03  -3.0093836141E-03   9.1468434716E-04   8.7736408867E-03
   27      6.6256737574E-03   3.0153910840E-03  -1.7233708282E-03   1.5001833250E-03   1.2191247591E-04
   28      2.8258638881E-04   4.0307913326E-04  -1.2279926907E-03   3.3101231128E-04  -4.3680905560E-04
   29     -7.6888827178E-03  -2.8475925044E-03   1.4823168891E-03  -1.3448102410E-03  -6.5590591786E-04
   30     -2.8579611880E-03  -3.1117465953E-01  -3.9792975968E-02   1.5111278059E-02  -6.8558276240E-02
   31     -5.2216925481E-03  -2.7795729095E-02  -7.5904258181E-02   4.3867616396E-03  -7.6286988070E-03
   32     -1.9147101872E-03   1.9397435057E-02   7.2952500734E-03  -7.9128120956E-02  -4.3346152402E-03
   33      8.3646666721E-04   3.2509163788E-03  -2.4329698021E-04   1.3533591205E-05   1.2838086703E-03
   34     -6.3529054005E-04  -4.2093877245E-04  -3.0356792789E-04  -1.7832214399E-05  -1.4265319433E-04
   35     -8.3462891085E-05   5.7965515769E-04  -8.3045497361E-05  -1.3293477544E-04   2.1028142256E-04
   36     -1.6632533192E-03  -9.7974244383E-05   1.1195554177E-04  -2.4934639188E-04  -1.1377756807E-04
   37      7.3023990975E-04  -3.4781408364E-04  -4.5841096986E-05   2.3577805434E-04   1.8191184074E-04
   38      3.1110138997E-03   2.2157058052E-04  -1.2318735918E-04   2.2846870369E-04  -3.0706953788E-05
   39     -9.2705997969E-04   2.2210344156E-04   3.1942165792E-04  -1.6188095051E-04   6.0441115361E-04
   40     -3.1750354196E-04   6.0960350944E-05   3.7464224271E-04  -3.7601659703E-04   4.7977476554E-04
   41      1.4317972069E-03   4.0736924773E-04  -3.7846294415E-04   5.0605111536E-05  -4.7706192727E-04
   42      7.1351921535E-04  -3.2356751968E-02  -1.3717340300E-02   3.4751633454E-02   8.5735904590E-03
   43     -8.7008056250E-04  -8.3223331461E-03   5.1125429618E-03   5.8161221088E-03   5.8823120646E-03
   44      2.7291427642E-03   3.3882977413E-03   1.5069780876E-03   8.7141217019E-03   1.2874878459E-03
                   10                 11                 12                 13                 14        
    0      2.2217632410E-04  -6.8257884089E-04  -7.4560545021E-04   8.2242075574E-04  -4.6236148984E-04
    1      2.2098284081E-03  -2.1249355933E-03  -4.0807437243E-04   8.0039304917E-04  -3.3067294636E-04
    2      4.6486465128E-03   5.6197433167E-03   6.2019890935E-04  -5.7993414675E-04   4.4692428171E-04
    3      6.4785160866E-03  -1.8083755349E-04  -5.1856522382E-04   1.5944824550E-04  -1.1355780831E-04
    4     -1.2078829667E-02   2.7990129525E-03  -6.4063152910E-04   1.5872611861E-03  -1.4887676097E-04
    5      1.5474870086E-03   2.4968042769E-03  -2.8336961847E-04   4.7489433290E-04   1.1062807978E-04
    6     -3.6783793841E-02  -2.0027356635E-02  -8.9508822031E-04   7.3051610941E-04  -2.5022151320E-04
    7     -2.0456284661E-02  -1.2231143243E-02  -1.9289986556E-05   2.6690245411E-04  -8.6518448119E-05
    8     -1.3165256884E-02   6.4607310100E-03   3.3760306510E-05  -1.1859446989E-04   8.8671199359E-05
    9      3.3794931283E-02   2.2451090027E-02  -4.3416460089E-04   3.5962992158E-04  -1.1970747475E-04
   10      3.1455028910E-01   1.5662511633E-01   1.6929479498E-05   5.0776864555E-04  -4.8330585330E-05
   11      1.5662511633E-01   1.4983214682E-01   6.9576649540E-05   7.5414477267E-05   1.0328156667E-04
   12      1.6929479498E-05   6.9576649540E-05   8.1139103390E-02  -5.7462837268E-02   1.1044560752E-02
   13      5.0776864555E-04   7.5414477267E-05  -5.7462837268E-02   4.0259263808E-01  -6.5079329719E-02
   14     -4.8330585330E-05   1.0328156667E-04   1.1044560752E-02  -6.5079329719E-02   9.2240901719E-02
   15      5.1078179865E-04   2.4209340145E-05   1.3007411898E-02  -1.7900870376E-02   7.7907698866E-03
   16      2.2759442291E-04   4.4994406085E-05  -3.1317168583E-02  -3.8837911380E-02   4.5484281273E-02
   17     -5.5474098757E-05   1.4576010998E-04   1.4531539804E-02   3.7273083576E-02  -1.4319600391E-02
   18      3.9306982571E-04   2.0284722155E-04   1.5849895698E-02   9.1742530553E-05   5.0249071450E-03
   19      4.7934402420E-04   3.0838421996E-04  -7.1782167078E-03  -6.4070102122E-02  -4.4978772039E-02
   20      5.8549101791E-04   5.2771816562E-04   2.2096050247E-03  -2.9156661020E-02   5.9258578345E-03
   21      4.1550222158E-03   1.1289293064E-03   6.0393223428E-04   1.2456629477E-03  -2.0051131603E-03
   22      3.3119732487E-03   2.4571567855E-03  -4.6015388296E-04   4.3346653407E-03  -1.8282553748E-03
   23      2.4489566180E-03   1.8841315823E-03  -6.7678564518E-04  -1.6514669213E-03   1.7961918637E-03
   24     -1.0349516409E-02  -3.1917454167E-03   3.2249058120E-03  -1.8898405885E-03   6.5793599240E-04
   25     -3.8071248548E-02  -5.8438269323E-04   1.5444388085E-03  -3.0098089876E-03   5.7368658890E-04
   26     -3.5459257173E-02   8.2814459948E-04  -1.2631673461E-04  -8.1447430897E-04   5.9324138634E-06
   27     -1.6264023102E-03   1.0393867207E-03  -4.3849897022E-03   5.9248530997E-03  -3.8206945196E-03
   28     -2.6809440538E-03  -1.6112500087E-04   4.0652678147E-02  -3.0846881288E-02   1.9591895837E-02
   29      1.3695943905E-03  -7.7005215615E-04  -1.0357699357E-02   1.0949733143E-02   1.2980131127E-03
   30      4.7396117246E-03   2.9832639570E-03   1.1054638217E-03  -1.2233555099E-03   5.2923563797E-04
   31     -2.4004682117E-01  -1.0359317422E-01  -5.7726279500E-05  -7.7539652941E-04   1.6396442873E-04
   32     -1.0378790893E-01  -1.4817980625E-01  -1.1480530732E-04   2.5740118451E-04  -3.3179285011E-04
   33     -8.8719962327E-04  -3.6857279528E-04  -1.0161829005E-01   6.4325131214E-02  -1.7292521643E-02
   34     -7.3304051304E-04  -4.0331888279E-04   5.4437909667E-02  -2.7446070121E-01   4.5886149652E-02
   35     -5.5644278314E-04  -6.6618524568E-04  -1.5980837969E-02   4.6577922818E-02  -8.8756246588E-02
   36     -3.4125677605E-04  -3.7432937361E-04   1.2568048949E-03   5.4774986900E-04   2.3030203329E-03
   37      3.3046114425E-04   3.3556853230E-04  -1.3259961589E-04   6.1849392161E-04   1.4670330828E-04
   38      8.1985771233E-05   2.4205652749E-04   7.9809400661E-04   5.0011052334E-04   1.3953774331E-03
   39      1.1070145715E-03   2.5188501576E-04  -7.6408636219E-03   4.4554766308E-03  -3.2973396112E-03
   40      3.4632459395E-04  -3.2703709146E-04   9.0520719133E-04   1.2347585099E-03   6.0779986344E-04
   41     -9.5279212143E-04  -5.7909311755E-04  -1.9953411483E-03   1.6259138900E-03  -1.3895678525E-04
   42     -1.4762753281E-03  -3.3758269907E-03   5.0049121122E-05  -2.6356959803E-05  -3.5873375366E-06
   43     -7.8964149746E-03  -4.3412539022E-02  -3.9835691144E-05   5.7920333499E-05  -2.0044188420E-05
   44     -1.3089807021E-02  -1.7945381208E-02   2.4249513870E-04  -2.6769424860E-04   1.3481710973E-04
                   15                 16                 17                 18                 19        
    0     -2.5453904025E-03  -1.9411529369E-05   2.1366650677E-04  -8.0170262528E-04  -2.7388438387E-04
    1     -1.0096764810E-03   5.8142816305E-05   3.5920869041E-06  -3.3419061593E-04   1.0297854646E-05
    2      1.0659914413E-03  -1.1058918206E-05   4.5505948864E-05   7.5860926376E-04   2.9461625252E-04
    3     -8.1807397368E-04  -1.1207388778E-04   2.8343224661E-04  -9.3824555836E-04  -1.5770586715E-04
    4     -1.3503534169E-03   2.0814024862E-04   3.5403516165E-04  -4.8846857421E-04   4.6265532174E-04
    5     -1.1051463130E-03   5.0414795666E-05   4.2183470415E-04   1.8336489707E-04   3.4059224126E-04
    6     -1.2923033961E-03  -9.8131527008E-05   3.4886205627E-04  -7.9397845008E-04  -1.3416230301E-04
    7      2.7939556681E-04   1.0166970558E-04  -8.8435114211E-05   6.2474607193E-05   1.1330856527E-04
    8     -2.3085389101E-04  -4.1268367149E-05   1.3930989223E-04   5.9599558779E-05   7.8092397293E-05
    9     -3.4228647499E-04   1.7903261410E-05   1.1261811864E-04  -2.5844381412E-04   1.2643620716E-05
   10      5.1078179865E-04   2.2759442291E-04  -5.5474098757E-05   3.9306982571E-04   4.7934402420E-04
   11      2.4209340145E-05   4.4994406085E-05   1.4576010998E-04   2.0284722155E-04   3.0838421996E-04
   12      1.3007411898E-02  -3.1317168583E-02   1.4531539804E-02   1.5849895698E-02  -7.1782167078E-03
   13     -1.7900870376E-02  -3.8837911380E-02   3.7273083576E-02   9.1742530553E-05  -6.4070102122E-02
   14      7.7907698866E-03   4.5484281273E-02  -1.4319600391E-02   5.0249071450E-03  -4.4978772039E-02
   15      2.0977147168E-01   6.2937189745E-02  -1.5387509470E-01   1.4679946003E-02   6.6083233092E-03
   16      6.2937189745E-02   1.0565439655E-01  -6.8731062786E-02   1.0863070229E-02   1.4757761719E-02
   17     -1.5387509470E-01  -6.8731062786E-02   2.4368058919E-01   3.1196531247E-02  -7.1841083250E-03
   18      1.4679946003E-02   1.0863070229E-02   3.1196531247E-02   8.5396084742E-02   3.6867454069E-02
   19      6.6083233092E-03   1.4757761719E-02  -7.1841083250E-03   3.6867454069E-02   1.7213064164E-01
   20      1.6866146256E-02  -1.5047652954E-02  -6.9508596599E-02   5.8599783997E-02   1.4941931199E-01
   21     -1.6621930034E-02  -1.5961394219E-04   1.0147961269E-03   6.4643548457E-04   7.6387906188E-04
   22     -1.1480839092E-03   1.7656084107E-03   1.4114550316E-04   8.5609237803E-05   8.4965232624E-04
   23     -4.0548171218E-03  -5.0151210486E-05   2.6349645076E-03   1.6056397103E-04   7.4238773944E-04
   24      6.0176149926E-03   4.8776208137E-04  -1.3001294293E-03   3.3838606489E-03   7.9225325482E-04
   25      3.6841535894E-03   1.6762541526E-04  -7.1826033748E-04   7.7647306072E-04  -4.6521812179E-04
   26      3.5655741234E-03  -7.9895454924E-05  -5.6224805437E-04  -1.0912499201E-03  -5.4670777838E-04
   27     -2.7510016976E-02  -2.5368257806E-03   7.8904926742E-03  -5.2699250053E-03  -1.4252937890E-03
   28     -1.4840913283E-02   5.3007242813E-03   4.3614685248E-03  -2.1016679089E-02   2.1687571939E-03
   29      3.6635305815E-02   3.5601129657E-03  -3.0683203570E-03  -3.7111870444E-02  -9.4809585046E-03
   30      1.0935893463E-03  -4.1631696063E-05  -2.2775877407E-04   9.9392352166E-04   1.2091064453E-04
   31     -1.3881102241E-03  -4.1961091831E-04   3.0050233507E-04  -5.6777222157E-04  -6.4044577568E-04
   32      3.2070612652E-04   1.3267149632E-05  -4.0184493795E-04  -2.9825985603E-04  -4.5986951878E-04
   33     -1.9669088967E-01  -3.9249136130E-02   9.7987678274E-02  -1.0633315074E-01  -3.3786095008E-02
   34     -3.6098785350E-02  -9.0484704162E-02   3.4737005634E-02  -2.7809321240E-02  -1.2874586527E-01
   35      9.1637287632E-02   3.4951975657E-02  -1.6073739204E-01  -5.6546495572E-02  -8.8085178027E-02
   36      6.4554581521E-04   1.2612080228E-03   1.5565263702E-03  -7.6476904639E-03  -1.9258543626E-04
   37     -9.4378585338E-04  -2.6238885435E-04   5.2063272874E-04   1.4950203512E-03   1.5587217854E-03
   38      5.5366407042E-04   1.2356008086E-03   1.5972807713E-03  -1.8016119503E-03   2.2280060383E-04
   39      6.3708021893E-04  -1.9000316286E-03   2.0832441557E-04   1.0415847774E-03  -2.1716458858E-03
   40      4.1697302272E-04   1.7548353841E-03  -7.5028249280E-04  -2.1523856672E-04   1.4017428085E-03
   41      8.2179955758E-04  -1.4955812928E-03  -1.0785398381E-04   6.8396965846E-04  -6.9857291741E-04
   42     -3.1769023375E-05  -1.6079265479E-05   3.0102283599E-05   5.1405783340E-05   1.1536037102E-05
   43      1.2673249146E-04   8.1163623824E-06  -4.0229499662E-05  -6.0654220345E-05  -1.1251954190E-05
   44      1.2870566031E-05  -7.5889693548E-06   4.0611239403E-05   2.4554098454E-04   1.2628648754E-04
                   20                 21                 22                 23                 24        
    0     -9.9217199898E-04  -5.7279033569E-02  -2.8214589725E-02   5.0750605584E-02  -1.1134323872E-01
    1     -4.1043255799E-04  -2.2093650186E-02  -4.0212784408E-04   1.2874395815E-02  -2.7240266043E-02
    2      1.0125110755E-03   2.6688526703E-02   7.1908212770E-03   2.4307704687E-03   7.9164941481E-02
    3     -4.3324748736E-04  -1.2399485447E-02  -4.3118070499E-02  -2.7796531509E-02  -7.5761718986E-02
    4      4.7808956222E-04  -3.5501046913E-02  -1.9162410765E-02  -2.3181292502E-02   1.7451659327E-02
    5      8.0266638835E-04  -2.9763647716E-02  -3.0380400764E-02  -1.2194915024E-02   9.1893408115E-03
    6     -4.8835006923E-04  -9.7846706094E-03   6.3873555261E-03  -4.6174641717E-03  -4.5000722005E-02
    7      4.4293341307E-05   6.3423491668E-03  -1.4464341475E-03   3.3445570891E-03   1.6404839292E-02
    8      2.0020255670E-04  -5.0151069793E-03   2.0788065588E-03  -1.7744861214E-03  -1.6446580820E-02
    9     -1.2849556482E-04   1.9085718579E-03   2.3299801510E-03   1.9414890430E-03   1.5213541509E-03
   10      5.8549101791E-04   4.1550222158E-03   3.3119732487E-03   2.4489566180E-03  -1.0349516409E-02
   11      5.2771816562E-04   1.1289293064E-03   2.4571567855E-03   1.8841315823E-03  -3.1917454167E-03
   12      2.2096050247E-03   6.0393223428E-04  -4.6015388296E-04  -6.7678564518E-04   3.2249058120E-03
   13     -2.9156661020E-02   1.2456629477E-03   4.3346653407E-03  -1.6514669213E-03  -1.8898405885E-03
   14      5.9258578345E-03  -2.0051131603E-03  -1.8282553748E-03   1.7961918637E-03   6.5793599240E-04
   15      1.6866146256E-02  -1.6621930034E-02  -1.1480839092E-03  -4.0548171218E-03   6.0176149926E-03
   16     -1.5047652954E-02  -1.5961394219E-04   1.7656084107E-03  -5.0151210486E-05   4.8776208137E-04
   17     -6.9508596599E-02   1.0147961269E-03   1.4114550316E-04   2.6349645076E-03  -1.3001294293E-03
   18      5.8599783997E-02   6.4643548457E-04   8.5609237803E-05   1.6056397103E-04   3.3838606489E-03
   19      1.4941931199E-01   7.6387906188E-04   8.4965232624E-04   7.4238773944E-04   7.9225325482E-04
   20      3.1843476533E-01  -2.0014806657E-03   8.0412877418E-05   3.2446263079E-03   1.7793337345E-03
   21     -2.0014806657E-03   5.2256095284E-01   1.2868417540E-01  -4.7405754421E-02  -2.4135302270E-01
   22      8.0412877418E-05   1.2868417540E-01   1.4856631763E-01  -3.8293493565E-02  -2.4832259039E-02
   23      3.2446263079E-03  -4.7405754421E-02  -3.8293493565E-02   3.3587089807E-01  -4.7044450998E-02
   24      1.7793337345E-03  -2.4135302270E-01  -2.4832259039E-02  -4.7044450998E-02   5.8203344085E-01
   25     -1.2862584540E-04  -9.1917343053E-03  -7.0385567771E-02   5.6733539555E-03  -5.5717279528E-03
   26     -7.0907762714E-04  -7.3172951278E-02  -5.1484451480E-03  -1.1773478447E-01  -1.7014964286E-02
   27     -8.0571185259E-03  -1.3016880375E-01  -3.2831950734E-02   4.9097939030E-02  -4.3056411937E-02
   28     -1.9533968597E-02  -3.0469470517E-02  -7.4718746049E-02   2.9254097161E-02  -1.1685780078E-02
   29     -2.9222953138E-02   7.4409707432E-02   4.0015157081E-02  -1.7886459679E-01   1.5131658142E-02
   30      8.1273635660E-04  -2.7681635473E-02   1.1997795856E-02  -1.8146668005E-02  -8.8044302472E-02
   31     -6.5705900605E-04  -2.1404892688E-02   5.5327665514E-03  -9.8109811905E-03   5.0997005617E-02
   32     -9.8179911542E-04  -5.5866151969E-03  -2.0807162170E-05   2.7438672034E-03  -1.6506780271E-02
   33     -6.4347713938E-02  -2.1049621450E-02  -6.5245264498E-04   5.3448640498E-03  -1.3097580179E-02
   34     -8.7291785031E-02  -1.6986900908E-02  -4.1879266459E-03  -1.1742524459E-03   5.3270666149E-04
   35     -2.3048570635E-01   4.3132574706E-02   2.4369510046E-03  -3.2282250475E-04  -1.6927403095E-03
   36     -5.1168479280E-03  -4.3788181097E-03   9.1098965802E-03   2.6840892792E-02   4.3456033308E-03
   37      1.5972811075E-03   1.6240693785E-03   8.7986947003E-03   1.2063126790E-02  -4.4121003166E-05
   38     -2.7714386202E-04   1.0190545013E-02  -7.5583528625E-03  -2.7225099124E-02  -5.6033294890E-03
   39      9.8540711839E-04  -5.1442832032E-03  -2.6464513219E-02   1.3560079284E-02   6.0339689500E-03
   40     -2.8782054116E-05  -9.5424585436E-03  -2.5984550105E-03   8.6590868627E-03   3.8620313818E-03
   41      7.2544017460E-04   1.0776046120E-02   2.8754805218E-02  -1.2959782222E-02  -5.7341555816E-03
   42      4.6183489083E-05   1.4141193922E-04  -8.6767145022E-04   1.9251277137E-03   1.1096248268E-02
   43     -4.8217657814E-05   2.5295421795E-03  -2.5800997412E-04  -9.0554574475E-04  -9.0122060447E-03
   44      3.1148885990E-04  -2.2695455854E-03   8.1720119848E-05   4.7103625183E-04   8.8213562332E-03
                   25                 26                 27                 28                 29        
    0     -3.1596960518E-02   8.2062002172E-02  -1.8573233339E-03  -3.0447124769E-04  -7.0767742582E-03
    1     -1.0654110410E-01   7.0711804105E-02  -1.0833386685E-03   3.5128198051E-03  -2.3495215807E-03
    2      7.5978230914E-02  -2.4893630729E-01  -1.9394903363E-03  -6.7284046687E-04   4.8815700609E-03
    3      9.3355605335E-03   2.7399518411E-03   2.6810048043E-03   5.7947335369E-04  -4.0960966642E-03
    4     -2.0928580111E-01  -6.6750895174E-02   5.0477208519E-03   1.5345673608E-03  -8.2801238231E-03
    5     -7.6746756009E-02  -1.1479510143E-01   6.6256737574E-03   2.8258638881E-04  -7.6888827178E-03
    6     -1.8580484527E-02   3.2564386413E-03   3.0153910840E-03   4.0307913326E-04  -2.8475925044E-03
    7      6.5700655259E-03  -3.0093836141E-03  -1.7233708282E-03  -1.2279926907E-03   1.4823168891E-03
    8     -2.3662799455E-03   9.1468434716E-04   1.5001833250E-03   3.3101231128E-04  -1.3448102410E-03
    9      8.1814190136E-03   8.7736408867E-03   1.2191247591E-04  -4.3680905560E-04  -6.5590591786E-04
   10     -3.8071248548E-02  -3.5459257173E-02  -1.6264023102E-03  -2.6809440538E-03   1.3695943905E-03
   11     -5.8438269323E-04   8.2814459948E-04   1.0393867207E-03  -1.6112500087E-04  -7.7005215615E-04
   12      1.5444388085E-03  -1.2631673461E-04  -4.3849897022E-03   4.0652678147E-02  -1.0357699357E-02
   13     -3.0098089876E-03  -8.1447430897E-04   5.9248530997E-03  -3.0846881288E-02   1.0949733143E-02
   14      5.7368658890E-04   5.9324138634E-06  -3.8206945196E-03   1.9591895837E-02   1.2980131127E-03
   15      3.6841535894E-03   3.5655741234E-03  -2.7510016976E-02  -1.4840913283E-02   3.6635305815E-02
   16      1.6762541526E-04  -7.9895454924E-05  -2.5368257806E-03   5.3007242813E-03   3.5601129657E-03
   17     -7.1826033748E-04  -5.6224805437E-04   7.8904926742E-03   4.3614685248E-03  -3.0683203570E-03
   18      7.7647306072E-04  -1.0912499201E-03  -5.2699250053E-03  -2.1016679089E-02  -3.7111870444E-02
   19     -4.6521812179E-04  -5.4670777838E-04  -1.4252937890E-03   2.1687571939E-03  -9.4809585046E-03
   20     -1.2862584540E-04  -7.0907762714E-04  -8.0571185259E-03  -1.9533968597E-02  -2.9222953138E-02
   21     -9.1917343053E-03  -7.3172951278E-02  -1.3016880375E-01  -3.0469470517E-02   7.4409707432E-02
   22     -7.0385567771E-02  -5.1484451480E-03  -3.2831950734E-02  -7.4718746049E-02   4.0015157081E-02
   23      5.6733539555E-03  -1.1773478447E-01   4.9097939030E-02   2.9254097161E-02  -1.7886459679E-01
   24     -5.5717279528E-03  -1.7014964286E-02  -4.3056411937E-02  -1.1685780078E-02   1.5131658142E-02
   25      5.4946321029E-01  -5.5884231222E-02  -1.7029778239E-02  -1.3795520255E-02   1.0059026863E-02
   26     -5.5884231222E-02   5.9045497231E-01   2.7107731320E-02   7.8785830544E-03   1.0634775022E-02
   27     -1.7029778239E-02   2.7107731320E-02   5.2056475228E-01   3.2651275530E-03   3.0975120728E-02
   28     -1.3795520255E-02   7.8785830544E-03   3.2651275530E-03   6.2908239869E-01   3.4810649669E-02
   29      1.0059026863E-02   1.0634775022E-02   3.0975120728E-02   3.4810649669E-02   5.6403441212E-01
   30      5.8733245702E-02  -3.2768317609E-02  -1.8333440024E-03   2.6139807700E-03  -1.8131702694E-04
   31     -1.2250533126E-01   6.5558972634E-02   5.6274047711E-03   5.8958097715E-03  -5.2598919204E-03
   32      5.2492761444E-02  -9.6506488891E-02  -4.9673155634E-03  -9.9926762584E-04   3.6340707920E-03
   33     -4.3058612498E-03   6.0042724171E-04  -1.9074976021E-01   2.1653619287E-02  -4.2922674365E-02
   34      2.9253118878E-03   2.6533022947E-03   2.8965785598E-02  -7.6389145538E-02   3.3471299719E-03
   35     -2.5440617230E-03  -5.2400639171E-03  -6.0528753518E-02   2.7208406985E-03  -8.0187094159E-02
   36      4.4500053174E-03   5.3190725949E-03  -6.2047044541E-02  -2.2886802857E-02  -3.9450712621E-02
   37      2.4002252063E-03  -5.4987344354E-05  -2.5593690828E-02  -1.4403486204E-01  -1.2658929515E-01
   38     -4.4173923777E-03  -3.9691510317E-03  -3.6224937758E-02  -1.1935862309E-01  -2.2195359743E-01
   39     -1.8016308469E-03   2.6723305861E-03  -5.8781685101E-02   3.2726889915E-02  -1.1655525922E-02
   40     -5.5231133070E-06   1.3765988099E-03   3.5221465430E-02  -3.0394483846E-01   4.5397996482E-02
   41     -6.1896524576E-04  -2.6336882769E-03  -9.7037764257E-03   4.0939802747E-02  -6.0376650021E-02
   42      1.4703411558E-03  -1.2133059373E-02  -7.2375608262E-04  -2.6701865089E-04  -7.4309487164E-04
   43      2.5386849489E-03   2.0014196598E-02  -1.8860950777E-04   1.4385326531E-04   9.6187770343E-04
   44     -1.2132846452E-03  -1.1751597712E-02   9.5303092652E-04   5.6108420911E-04  -1.0058840940E-03
                   30                 31                 32                 33                 34        
    0      1.7031900478E-04   1.0688176778E-03  -1.9121366265E-03   3.6574182290E-03  -1.5751920163E-03
    1     -1.8530255198E-02  -5.5153415326E-03   3.5474585786E-02   1.5423052379E-03  -1.1746823238E-03
    2      2.3249705582E-02   1.0458245937E-02  -4.0782761052E-02  -2.5130821804E-03   7.1620822371E-04
    3      5.4641811994E-03   1.0715240732E-02   8.8898884750E-03   2.6948446924E-03  -3.7566337287E-04
    4     -5.4359692245E-03  -3.5325585758E-02  -3.5828770013E-02   2.4756129403E-03  -2.4099015846E-03
    5     -2.8579611880E-03  -5.2216925481E-03  -1.9147101872E-03   8.3646666721E-04  -6.3529054005E-04
    6     -3.1117465953E-01  -2.7795729095E-02   1.9397435057E-02   3.2509163788E-03  -4.2093877245E-04
    7     -3.9792975968E-02  -7.5904258181E-02   7.2952500734E-03  -2.4329698021E-04  -3.0356792789E-04
    8      1.5111278059E-02   4.3867616396E-03  -7.9128120956E-02   1.3533591205E-05  -1.7832214399E-05
    9     -6.8558276240E-02  -7.6286988070E-03  -4.3346152402E-03   1.2838086703E-03  -1.4265319433E-04
   10      4.7396117246E-03  -2.4004682117E-01  -1.0378790893E-01  -8.8719962327E-04  -7.3304051304E-04
   11      2.9832639570E-03  -1.0359317422E-01  -1.4817980625E-01  -3.6857279528E-04  -4.0331888279E-04
   12      1.1054638217E-03  -5.7726279500E-05  -1.1480530732E-04  -1.0161829005E-01   5.4437909667E-02
   13     -1.2233555099E-03  -7.7539652941E-04   2.5740118451E-04   6.4325131214E-02  -2.7446070121E-01
   14      5.2923563797E-04   1.6396442873E-04  -3.3179285011E-04  -1.7292521643E-02   4.5886149652E-02
   15      1.0935893463E-03  -1.3881102241E-03   3.2070612652E-04  -1.9669088967E-01  -3.6098785350E-02
   16     -4.1631696063E-05  -4.1961091831E-04   1.3267149632E-05  -3.9249136130E-02  -9.0484704162E-02
   17     -2.2775877407E-04   3.0050233507E-04  -4.0184493795E-04   9.7987678274E-02   3.4737005634E-02
   18      9.9392352166E-04  -5.6777222157E-04  -2.9825985603E-04  -1.0633315074E-01  -2.7809321240E-02
   19      1.2091064453E-04  -6.4044577568E-04  -4.5986951878E-04  -3.3786095008E-02  -1.2874586527E-01
   20      8.1273635660E-04  -6.5705900605E-04  -9.8179911542E-04  -6.4347713938E-02  -8.7291785031E-02
   21     -2.7681635473E-02  -2.1404892688E-02  -5.5866151969E-03  -2.1049621450E-02  -1.6986900908E-02
   22      1.1997795856E-02   5.5327665514E-03  -2.0807162170E-05  -6.5245264498E-04  -4.1879266459E-03
   23     -1.8146668005E-02  -9.8109811905E-03   2.7438672034E-03   5.3448640498E-03  -1.1742524459E-03
   24     -8.8044302472E-02   5.0997005617E-02  -1.6506780271E-02  -1.3097580179E-02   5.3270666149E-04
   25      5.8733245702E-02  -1.2250533126E-01   5.2492761444E-02  -4.3058612498E-03   2.9253118878E-03
   26     -3.2768317609E-02   6.5558972634E-02  -9.6506488891E-02   6.0042724171E-04   2.6533022947E-03
   27     -1.8333440024E-03   5.6274047711E-03  -4.9673155634E-03  -1.9074976021E-01   2.8965785598E-02
   28      2.6139807700E-03   5.8958097715E-03  -9.9926762584E-04   2.1653619287E-02  -7.6389145538E-02
   29     -1.8131702694E-04  -5.2598919204E-03   3.6340707920E-03  -4.2922674365E-02   3.3471299719E-03
   30      5.6954605592E-01  -5.1790235063E-03  -5.6830205712E-02  -3.5571678341E-03   7.0524111224E-04
   31     -5.1790235063E-03   5.3626784756E-01  -4.9800743947E-03   1.6205348005E-03   8.3105600109E-04
   32     -5.6830205712E-02  -4.9800743947E-03   6.5101688331E-01   1.5154785783E-04   3.9680302748E-04
   33     -3.5571678341E-03   1.6205348005E-03   1.5154785783E-04   6.2121626529E-01  -1.3649592637E-02
   34      7.0524111224E-04   8.3105600109E-04   3.9680302748E-04  -1.3649592637E-02   5.8161774206E-01
   35     -1.1514605460E-03   9.7389935621E-04   1.0865411134E-03   2.7903521718E-02  -2.7026274691E-03
   36     -4.8188671752E-04  -2.8560089101E-05   9.5000924502E-04   2.0996339608E-04  -2.1432719282E-02
   37      2.6813207259E-04  -4.7901776926E-04  -1.1209306809E-03   2.5948686628E-03   2.0008041771E-03
   38      8.7236364391E-05   4.7073463705E-04  -4.1592649123E-04  -1.8976833080E-03  -9.0162233582E-03
   39     -1.3762341944E-03  -2.0266634410E-03  -6.0785630001E-04   1.0796257887E-03   3.3616895412E-02
   40     -1.0181774145E-03  -1.1621009448E-03   1.0407393240E-03  -1.4186296545E-03  -8.4456510591E-03
   41      3.7176941382E-04   1.7804354438E-03   9.4343951093E-04  -3.1156246998E-03   1.3489258758E-02
   42     -7.5666026353E-02  -4.0514309639E-03   6.1559521923E-02  -2.9638230089E-04   9.0402716636E-05
   43     -7.8579256491E-03  -6.5753570045E-02   5.0425033185E-02   1.2301739075E-04  -3.9727893989E-05
   44      6.8907944882E-02   4.5231144025E-02  -2.9078155121E-01  -6.9798036173E-04  -2.5489911230E-05
                   35                 36                 37                 38                 39        
    0      3.5907997913E-03  -2.5312920573E-04   1.9571531463E-04   6.0654186059E-04  -1.3690494835E-03
    1      1.8193753875E-03  -5.7671232241E-04  -4.2093604207E-04   5.3733561254E-04   4.8931228462E-04
    2     -2.0817443890E-03  -7.8532956937E-04  -1.7210605270E-04   3.2321574224E-04   2.6455816760E-04
    3     -1.2585134080E-04  -6.7680149115E-04  -6.1297318374E-04  -7.9016277707E-04  -8.9556857853E-04
    4      1.2961199559E-04  -2.0792994121E-03  -1.1049433054E-03   2.1231387654E-03  -2.3336817348E-04
    5     -8.3462891085E-05  -1.6632533192E-03   7.3023990975E-04   3.1110138997E-03  -9.2705997969E-04
    6      5.7965515769E-04  -9.7974244383E-05  -3.4781408364E-04   2.2157058052E-04   2.2210344156E-04
    7     -8.3045497361E-05   1.1195554177E-04  -4.5841096986E-05  -1.2318735918E-04   3.1942165792E-04
    8     -1.3293477544E-04  -2.4934639188E-04   2.3577805434E-04   2.2846870369E-04  -1.6188095051E-04
    9      2.1028142256E-04  -1.1377756807E-04   1.8191184074E-04  -3.0706953788E-05   6.0441115361E-04
   10     -5.5644278314E-04  -3.4125677605E-04   3.3046114425E-04   8.1985771233E-05   1.1070145715E-03
   11     -6.6618524568E-04  -3.7432937361E-04   3.3556853230E-04   2.4205652749E-04   2.5188501576E-04
   12     -1.5980837969E-02   1.2568048949E-03  -1.3259961589E-04   7.9809400661E-04  -7.6408636219E-03
   13      4.6577922818E-02   5.4774986900E-04   6.1849392161E-04   5.0011052334E-04   4.4554766308E-03
   14     -8.8756246588E-02   2.3030203329E-03   1.4670330828E-04   1.3953774331E-03  -3.2973396112E-03
   15      9.1637287632E-02   6.4554581521E-04  -9.4378585338E-04   5.5366407042E-04   6.3708021893E-04
   16      3.4951975657E-02   1.2612080228E-03  -2.6238885435E-04   1.2356008086E-03  -1.9000316286E-03
   17     -1.6073739204E-01   1.5565263702E-03   5.2063272874E-04   1.5972807713E-03   2.0832441557E-04
   18     -5.6546495572E-02  -7.6476904639E-03   1.4950203512E-03  -1.8016119503E-03   1.0415847774E-03
   19     -8.8085178027E-02  -1.9258543626E-04   1.5587217854E-03   2.2280060383E-04  -2.1716458858E-03
   20     -2.3048570635E-01  -5.1168479280E-03   1.5972811075E-03  -2.7714386202E-04   9.8540711839E-04
   21      4.3132574706E-02  -4.3788181097E-03   1.6240693785E-03   1.0190545013E-02  -5.1442832032E-03
   22      2.4369510046E-03   9.1098965802E-03   8.7986947003E-03  -7.5583528625E-03  -2.6464513219E-02
   23     -3.2282250475E-04   2.6840892792E-02   1.2063126790E-02  -2.7225099124E-02   1.3560079284E-02
   24     -1.6927403095E-03   4.3456033308E-03  -4.4121003166E-05  -5.6033294890E-03   6.0339689500E-03
   25     -2.5440617230E-03   4.4500053174E-03   2.4002252063E-03  -4.4173923777E-03  -1.8016308469E-03
   26     -5.2400639171E-03   5.3190725949E-03  -5.4987344354E-05  -3.9691510317E-03   2.6723305861E-03
   27     -6.0528753518E-02  -6.2047044541E-02  -2.5593690828E-02  -3.6224937758E-02  -5.8781685101E-02
   28      2.7208406985E-03  -2.2886802857E-02  -1.4403486204E-01  -1.1935862309E-01   3.2726889915E-02
   29     -8.0187094159E-02  -3.9450712621E-02  -1.2658929515E-01  -2.2195359743E-01  -1.1655525922E-02
   30     -1.1514605460E-03  -4.8188671752E-04   2.6813207259E-04   8.7236364391E-05  -1.3762341944E-03
   31      9.7389935621E-04  -2.8560089101E-05  -4.7901776926E-04   4.7073463705E-04  -2.0266634410E-03
   32      1.0865411134E-03   9.5000924502E-04  -1.1209306809E-03  -4.1592649123E-04  -6.0785630001E-04
   33      2.7903521718E-02   2.0996339608E-04   2.5948686628E-03  -1.8976833080E-03   1.0796257887E-03
   34     -2.7026274691E-03  -2.1432719282E-02   2.0008041771E-03  -9.0162233582E-03   3.3616895412E-02
   35      5.8053917702E-01  -2.6572236757E-02   5.0535331108E-03  -1.0752841336E-02  -4.1503757962E-03
   36     -2.6572236757E-02   6.6838969249E-02   2.7805623880E-02   3.3230289458E-02   2.5745665543E-03
   37      5.0535331108E-03   2.7805623880E-02   1.4496380794E-01   1.3183024885E-01  -6.7656988601E-03
   38     -1.0752841336E-02   3.3230289458E-02   1.3183024885E-01   2.4916393483E-01   5.6352543974E-04
   39     -4.1503757962E-03   2.5745665543E-03  -6.7656988601E-03   5.6352543974E-04   6.3719905492E-02
   40     -5.0325751204E-04   3.9274147249E-03  -1.4129954908E-02   3.6983844699E-03  -3.1485815054E-02
   41     -2.0939679716E-03   4.2316772940E-03  -2.4929023524E-02   8.2726166718E-03   2.4932394102E-03
   42      1.2445271705E-05  -1.7433089944E-04   2.6481312366E-04   9.5070870233E-05  -7.0556219333E-04
   43     -1.4853472485E-04   3.3461104186E-04  -1.9326486095E-04  -2.1210706264E-04   1.3326185124E-04
   44     -8.5255972421E-05  -2.1753755343E-04   3.3877642256E-04   2.5979469707E-04  -1.9920733729E-04
                   40                 41                 42                 43                 44        
    0     -6.5023883783E-04   1.2175669343E-03  -5.4051817922E-04   1.0485641628E-03  -1.2889220151E-03
    1      1.1031621735E-04  -1.6566638836E-04   3.9449118344E-03  -4.4767412947E-03   2.1650255735E-03
    2      4.8572336085E-05  -3.4750528496E-04  -4.1705083759E-03   4.4875410632E-03  -1.3228496671E-03
    3     -5.9032997877E-04   2.1245788423E-04  -5.5459852687E-04   1.6124849117E-04  -6.7235338833E-04
    4     -2.1335309725E-04   8.3796782308E-04  -5.4695032908E-04   1.2331307220E-03   9.3600633770E-04
    5     -3.1750354196E-04   1.4317972069E-03   7.1351921535E-04  -8.7008056250E-04   2.7291427642E-03
    6      6.0960350944E-05   4.0736924773E-04  -3.2356751968E-02  -8.3223331461E-03   3.3882977413E-03
    7      3.7464224271E-04  -3.7846294415E-04  -1.3717340300E-02   5.1125429618E-03   1.5069780876E-03
    8     -3.7601659703E-04   5.0605111536E-05   3.4751633454E-02   5.8161221088E-03   8.7141217019E-03
    9      4.7977476554E-04  -4.7706192727E-04   8.5735904590E-03   5.8823120646E-03   1.2874878459E-03
   10      3.4632459395E-04  -9.5279212143E-04  -1.4762753281E-03  -7.8964149746E-03  -1.3089807021E-02
   11     -3.2703709146E-04  -5.7909311755E-04  -3.3758269907E-03  -4.3412539022E-02  -1.7945381208E-02
   12      9.0520719133E-04  -1.9953411483E-03   5.0049121122E-05  -3.9835691144E-05   2.4249513870E-04
   13      1.2347585099E-03   1.6259138900E-03  -2.6356959803E-05   5.7920333499E-05  -2.6769424860E-04
