
$orca_hessian_file

$act_atom
  0

$act_coord
  0

$act_energy
        0.000000

$multiplicity
  1

$hessian
45
                    0                  1                  2                  3                  4        
    0      7.8465768626E-02   5.3147674062E-03  -1.3143832163E-02   3.1766743175E-03  -4.9982477632E-03
    1      5.3147674062E-03   1.6662088553E-01  -1.4052472787E-01   2.9228360334E-04   2.3871865236E-02
    2     -1.3143832163E-02  -1.4052472787E-01   2.7519342798E-01   2.2490910312E-02   8.3789724618E-03
    3      3.1766743175E-03   2.9228360334E-04   2.2490910312E-02   1.5008434356E-01  -8.8607673697E-02
    4     -4.9982477632E-03   2.3871865236E-02   8.3789724618E-03  -8.8607673697E-02   1.7106013614E-01
    5      2.6053339519E-02  -6.6908766732E-03  -6.4420898940E-02  -1.0929796380E-01   1.3423719409E-01
    6      1.2390105891E-03   6.7991888307E-04  -1.7702864380E-03   1.5451262128E-03  -3.8720337382E-03
    7     -1.9070170635E-03   7.5674353345E-04   1.8232778748E-04  -4.0238959505E-03  -1.0450744136E-02
    8     -2.4067948644E-03  -1.3717763403E-03   6.1530538383E-03  -2.5927825097E-03  -6.6075730541E-03
    9     -1.9421208698E-03  -6.1196643657E-03   2.4272726832E-03   8.7926876271E-04  -6.8824616235E-04
   10     -7.2413120863E-03  -1.0804769804E-02   2.4459039291E-03  -4.5791548295E-04   7.5617890556E-04
   11      1.5475572189E-03   2.3323622874E-03   1.7954958015E-03  -1.5310017552E-03   1.8356859434E-03
   12     -9.7914166835E-04   5.0771725505E-04   6.6760998960E-05  -8.0953392129E-04   5.8940027504E-04
   13     -7.3093142194E-05   3.7883498195E-04  -1.9909331161E-04  -1.2014332877E-04   2.2458750216E-04
   14     -5.6451123830E-04  -3.5052693974E-04   1.0520835547E-03  -9.7118249278E-04   7.2158330634E-04
   15     -7.5748433393E-04   1.0126729634E-03  -1.4515566132E-03  -2.2770820621E-03   1.3572576474E-03
   16      1.3652962583E-04   2.7278019800E-04  -1.4111940403E-04  -2.3860673291E-04   2.7370506658E-04
   17      2.1765056805E-04  -2.6078711133E-04   5.2652579899E-04   2.0313251880E-04  -4.7569829049E-06
   18     -6.0058221441E-04   2.8656200477E-04  -3.2867491503E-04  -6.4461020785E-04   4.9265106275E-04
   19     -1.5528748055E-04   1.6356065225E-03  -1.0381591188E-03  -9.8394503315E-04   1.2277424855E-03
   20     -1.0849690595E-04  -2.7967994033E-04   3.8823099501E-04  -1.7779700788E-04   1.6654246401E-04
   21     -7.0584209745E-03   2.4295783165E-02  -3.5848408587E-02  -5.6702079214E-02   3.2937183038E-02
   22      3.1435499099E-02  -6.8221626400E-03   3.0192161658E-02   4.1773121864E-02  -7.5791534616E-03
   23     -3.7817539855E-02   2.2538068195E-02  -3.0141672897E-02   3.7586382176E-02  -1.1454915200E-02
   24     -8.1799317614E-02  -2.0854846224E-02   1.9154535799E-02  -1.0460240343E-01   4.3641182925E-02
   25     -1.5954411262E-02  -1.5629066637E-01   9.2004863215E-02   4.8722358829E-02  -1.6379770325E-01
   26      1.2928962855E-02   8.0920062114E-02  -1.6743230711E-01   5.7605859071E-02  -9.6708316122E-02
   27      2.3565201755E-03  -3.0536342985E-03   8.4579350632E-03   4.3383626332E-04  -9.0682013579E-04
   28     -5.2519234167E-04   2.9385164753E-03  -3.7080462583E-03   1.2842601792E-03   3.1054737520E-03
   29     -2.8688235035E-03   5.4128095805E-03  -8.8840950602E-03  -7.5336153451E-03   3.5053419237E-03
   30      5.4963967005E-03  -1.1953348604E-03   3.4712856492E-04   5.3309771391E-03   2.3435157922E-02
   31     -9.5604375637E-03  -1.7902499065E-02   9.7237704007E-03  -2.4595192480E-03  -1.6237736272E-02
   32      1.8270457276E-02   3.9916881520E-02  -1.9588702177E-02  -3.1166397347E-04  -3.2742742050E-02
   33      2.7608055164E-03  -1.7864932540E-03   1.3312516278E-03   3.4550906006E-03  -2.2175837537E-03
   34      3.7819132950E-04  -2.7820754965E-03   1.5878580581E-03   2.6534707275E-03  -2.5372766090E-03
   35     -2.4626880795E-04   4.8345419312E-04  -5.4590609308E-04   2.4336944632E-03  -1.8758758714E-03
   36     -8.6581929179E-04   1.1654289710E-04  -9.7904569785E-04  -2.0443199590E-03   1.9549276183E-05
   37      4.3024930534E-04  -2.2212499322E-04   6.1538654591E-04   8.8569768967E-04  -7.0164621952E-05
   38     -3.2342365449E-04  -3.0606251665E-04   1.5448459160E-03   1.3193874901E-03  -2.2517915373E-04
   39     -1.1743057659E-03   1.8561757358E-03  -2.2991832376E-03  -1.7242010838E-04   2.6489255579E-04
   40      6.0230357828E-04  -1.6433730431E-03   6.2325183923E-04  -2.5966444347E-04  -3.8993141609E-04
   41     -1.5996668923E-03  -4.8651767257E-04   3.4091789395E-03   4.8446511017E-04  -2.8846463049E-04
   42      1.6820168068E-03  -1.1429324746E-03   1.2364074546E-03   2.3471320455E-03  -1.2761325150E-03
   43      1.9079399213E-03  -7.5610688938E-06   1.0002346357E-05   1.3696340885E-03   5.4302067528E-04
   44      3.7017559639E-04  -1.4860351102E-03   9.5073945265E-04   3.0287219279E-04   7.7681007278E-04
                    5                  6                  7                  8                  9        
    0      2.6053339519E-02   1.2390105891E-03  -1.9070170635E-03  -2.4067948644E-03  -1.9421208698E-03
    1     -6.6908766732E-03   6.7991888307E-04   7.5674353345E-04  -1.3717763403E-03  -6.1196643657E-03
    2     -6.4420898940E-02  -1.7702864380E-03   1.8232778748E-04   6.1530538383E-03   2.4272726832E-03
    3     -1.0929796380E-01   1.5451262128E-03  -4.0238959505E-03  -2.5927825097E-03   8.7926876271E-04
    4      1.3423719409E-01  -3.8720337382E-03  -1.0450744136E-02  -6.6075730541E-03  -6.8824616235E-04
    5      2.5257950426E-01  -2.9393266003E-03  -6.2240336918E-03  -1.9962125812E-03  -1.9434323438E-03
    6     -2.9393266003E-03   1.1508946763E-01  -6.9967552228E-02  -1.0433709603E-01   7.2273243935E-03
    7     -6.2240336918E-03  -6.9967552228E-02   1.5515832034E-01   1.2851864450E-01  -9.1793040457E-03
    8     -1.9962125812E-03  -1.0433709603E-01   1.2851864450E-01   2.5706239252E-01   2.3209321900E-02
    9     -1.9434323438E-03   7.2273243935E-03  -9.1793040457E-03   2.3209321900E-02   5.8711289526E-02
   10     -2.5317350692E-03  -5.5055201795E-03   2.5632134307E-02  -2.6154468298E-03   4.1928962729E-03
   11      5.6903962699E-03   2.0818380054E-02   9.5868173987E-03  -6.4730890526E-02  -1.0229006763E-02
   12      6.2798279954E-04  -8.6126501306E-04  -1.2679433721E-04   2.9739790127E-04  -2.0932543020E-04
   13      5.5614548283E-05  -5.2273904894E-05   6.6202206736E-05   4.4651158327E-05  -4.5274299137E-05
   14      8.6978967976E-04  -1.0197241597E-03   3.3689891350E-05   6.0340627858E-04  -1.3668454452E-04
   15      6.2341857513E-04  -2.5978136814E-04  -5.8974873454E-04  -4.4545821162E-04  -2.4554350955E-04
   16      8.6898572796E-05  -4.9339717491E-05   1.9917506388E-04   1.7312432732E-04  -9.1399058183E-06
   17      5.7697277699E-05   7.7960905812E-06   2.8011925208E-04   3.3289493919E-04   7.3762932973E-05
   18      4.2250166243E-04  -7.0301006674E-04   8.0638294443E-05   5.5128202761E-05  -2.2199454585E-04
   19      4.3957012032E-04  -1.1027334427E-03   4.4781323831E-04   2.5603254867E-04  -2.3703007784E-04
   20      2.3677931886E-04  -1.1186320458E-04   7.9240427201E-05   1.2218100428E-04  -1.1099444768E-05
   21      1.7467095307E-02   6.9720217509E-03  -5.6513676517E-03  -4.1887542628E-03   3.2597991777E-03
   22     -3.1182711722E-03   1.2651447402E-03   2.9280579562E-03   2.2128834995E-03   1.7315350670E-04
   23      9.9572830124E-03   1.9254790550E-03   2.4773982713E-03   3.0250176276E-03   1.9706329095E-03
   24      5.6554977285E-02   3.9029515538E-03   2.8743594636E-02   1.9919657118E-02   2.4326191978E-03
   25     -1.0254361103E-01  -5.4259453343E-03  -1.5478543071E-02  -1.1842602683E-02  -1.2955560283E-02
   26     -1.8499630188E-01  -3.5447579531E-03  -2.9179764786E-02  -2.3166713550E-02   1.7161861540E-02
   27     -2.7792927612E-03  -5.7934650960E-03   7.5571825495E-04   1.1086133161E-03   4.7164421286E-04
   28     -8.7055971821E-05   4.5934947471E-04  -2.9012305978E-03  -8.1526302251E-04   6.9040204870E-05
   29      3.5609026001E-03   8.9399071203E-04  -1.8364894991E-03  -3.2710025763E-03  -3.5078546255E-04
   30      1.7840788208E-02  -1.2006284150E-01   5.4580793695E-02   6.3979766611E-02  -8.2205758821E-02
   31     -1.4009022584E-02   5.7758183665E-02  -1.5166624622E-01  -9.9475502091E-02   3.0051588532E-03
   32     -2.0832077628E-02   5.6076925391E-02  -8.6573968030E-02  -1.7257972709E-01  -6.3006089231E-03
   33     -1.8404118423E-03   2.3962989392E-03   6.7241355812E-05  -5.0053223102E-04   8.0906640486E-04
   34     -8.5368085749E-04   3.5831616984E-04   8.2045925139E-06  -4.1265763551E-04   2.5148535624E-04
   35     -1.1627356973E-03   8.1755047370E-05  -2.9629568584E-04  -2.2555651898E-04   6.0143341790E-05
   36      5.2453811653E-04  -7.3716047370E-05  -1.0874675141E-03  -1.0926940682E-03   4.0073965859E-04
   37     -1.5658854497E-04  -1.6358110269E-03   7.4221886873E-04   5.8413108543E-05  -1.5538827925E-04
   38     -3.6774943758E-04   4.1109302600E-04  -1.1081025155E-04  -4.9087311386E-04  -2.2758743067E-04
   39     -9.8023586305E-04  -2.8726480547E-04  -7.7113301649E-04  -7.3118297974E-04   1.1999366933E-05
   40      4.3609246644E-04   6.4368706368E-04  -5.2968198096E-04  -8.5323732468E-04  -1.3695837092E-05
   41      3.4112882852E-04  -1.3421404510E-03  -7.5683597258E-05   7.0566554814E-04   1.9437789091E-05
   42     -3.4467471071E-04  -1.0330857177E-02   9.3320593168E-03   8.0265231635E-03   1.0620992476E-02
   43      1.2451985950E-03   2.6190844565E-02  -4.9124241012E-03  -7.1738337683E-03   2.1553730092E-02
   44      4.8249491200E-04   3.4548662404E-02  -1.6957048374E-02  -1.5436357950E-03  -2.5498191528E-02
                   10                 11                 12                 13                 14        
    0     -7.2413120863E-03   1.5475572189E-03  -9.7914166835E-04  -7.3093142194E-05  -5.6451123830E-04
    1     -1.0804769804E-02   2.3323622874E-03   5.0771725505E-04   3.7883498195E-04  -3.5052693974E-04
    2      2.4459039291E-03   1.7954958015E-03   6.6760998960E-05  -1.9909331161E-04   1.0520835547E-03
    3     -4.5791548295E-04  -1.5310017552E-03  -8.0953392129E-04  -1.2014332877E-04  -9.7118249278E-04
    4      7.5617890556E-04   1.8356859434E-03   5.8940027504E-04   2.2458750216E-04   7.2158330634E-04
    5     -2.5317350692E-03   5.6903962699E-03   6.2798279954E-04   5.5614548283E-05   8.6978967976E-04
    6     -5.5055201795E-03   2.0818380054E-02  -8.6126501306E-04  -5.2273904894E-05  -1.0197241597E-03
    7      2.5632134307E-02   9.5868173987E-03  -1.2679433721E-04   6.6202206736E-05   3.3689891350E-05
    8     -2.6154468298E-03  -6.4730890526E-02   2.9739790127E-04   4.4651158327E-05   6.0340627858E-04
    9      4.1928962729E-03  -1.0229006763E-02  -2.0932543020E-04  -4.5274299137E-05  -1.3668454452E-04
   10      1.9536642384E-01  -1.7113252232E-01  -3.7593762543E-04   1.5620088692E-04  -5.1368606176E-04
   11     -1.7113252232E-01   2.9430629271E-01   4.0480581018E-04  -1.2663607784E-04   7.7571692846E-04
   12     -3.7593762543E-04   4.0480581018E-04   9.0672185266E-02  -2.0233422978E-02   7.7057141619E-02
   13      1.5620088692E-04  -1.2663607784E-04  -2.0233422978E-02   9.7074577085E-02  -7.5078579474E-02
   14     -5.1368606176E-04   7.7571692846E-04   7.7057141619E-02  -7.5078579474E-02   3.8511317802E-01
   15     -4.9442500734E-04   2.2405148191E-04   1.5376991049E-02  -1.4523631685E-03   1.8727238839E-02
   16      1.4093751814E-04  -2.1880392596E-05  -1.4076135090E-03   1.3535151850E-02  -7.8601435849E-03
   17      4.2816664238E-05   1.3561233726E-04   3.4333796127E-02  -1.3929954670E-02  -6.9044852109E-02
   18     -1.5633538255E-04   2.0189903548E-04   1.4027024386E-02   1.3907435412E-02  -4.9817603133E-03
   19      2.8771261560E-04   2.7319644170E-05   7.6702307498E-03  -3.6194760995E-02   4.2074691343E-02
   20     -9.2848442692E-05   1.6808835972E-04  -2.0072311399E-03   5.8141630413E-02  -2.0218042251E-02
   21     -2.7465415300E-03   1.7949668680E-03   6.8215846298E-04  -1.3167148381E-03  -2.0045739328E-03
   22      2.9014669071E-03  -2.1879927799E-03   1.9646700145E-04   8.1177140584E-04   7.2750870644E-04
   23     -3.0962806306E-03   3.9466103816E-03   2.5135433755E-04   7.1242145337E-05   3.3082812594E-03
   24      6.2746321828E-03   3.9659991667E-04   3.3567391000E-03   1.3190862861E-04   1.9667987787E-03
   25     -2.0884212696E-02   8.5712656395E-03  -1.0117027135E-03  -6.0367385792E-04   3.4470384785E-05
   26      4.1892953708E-02  -1.7396346922E-02  -7.4031425834E-04   3.5688700435E-04  -8.8776176189E-04
   27      1.3325812339E-03   2.4930810683E-04  -5.7333940694E-03  -2.6162494113E-03  -8.2843563328E-03
   28     -1.6360420111E-03   1.2799802558E-04   8.3219583374E-03   8.3499296833E-03   7.6454150439E-03
   29     -4.9412553736E-04  -5.0595494322E-04  -4.1602577370E-02  -6.5620052843E-03  -3.4297891247E-02
   30      4.7772626389E-03  -1.1241686708E-02   8.8907011581E-04   1.2488135221E-04   1.0208466307E-03
   31     -1.8358542846E-01   1.3012630373E-01   4.1156827550E-04  -2.3820141677E-04   2.5665783557E-04
   32      1.1531400605E-01  -2.0449511194E-01  -8.3973365711E-04   8.1613989579E-05  -1.6023184130E-03
   33      1.0125967441E-03  -1.0179397416E-03  -1.0995461108E-01   1.1616118256E-02  -7.6377241530E-02
   34     -2.9629083442E-04   1.0256315704E-04   8.1222842900E-03  -8.5798784562E-02   3.4961179066E-02
   35      5.4483514883E-04  -9.3335177307E-04  -6.7734677960E-02   3.7294170361E-02  -2.6704073149E-01
   36     -5.6629093677E-04   5.7821943280E-05   7.8235770036E-04   2.2846460361E-03   2.9977110581E-04
   37      2.9648668115E-04   7.5770110456E-05   2.9636294520E-04   1.7785365094E-03  -2.2986565718E-04
   38      3.5533146867E-04  -5.3040489632E-04   6.2180427289E-04   5.3234186297E-04   6.4301370787E-04
   39      2.5653730715E-04  -5.7389297579E-04  -7.0930026727E-03  -2.1250499657E-03  -4.5490699839E-03
   40      4.2201536658E-05  -3.7634035899E-04  -2.8753732713E-03   4.4843360525E-04  -2.4744546510E-03
   41     -5.2815272771E-05   3.2243416440E-04  -8.3179359220E-04  -5.9874886187E-04   6.4964745677E-04
   42     -1.4438917810E-04  -1.3268991497E-03  -1.4625222882E-04  -2.6712527191E-05  -1.0394475793E-04
   43     -8.3729993929E-03   2.0841126571E-02  -8.8836817315E-05   1.1195115734E-05  -3.0099850460E-05
   44      2.0151772612E-02  -1.8548585952E-02   1.6536423639E-05  -9.7316058730E-07   7.6480388297E-05
                   15                 16                 17                 18                 19        
    0     -7.5748433393E-04   1.3652962583E-04   2.1765056805E-04  -6.0058221441E-04  -1.5528748055E-04
    1      1.0126729634E-03   2.7278019800E-04  -2.6078711133E-04   2.8656200477E-04   1.6356065225E-03
    2     -1.4515566132E-03  -1.4111940403E-04   5.2652579899E-04  -3.2867491503E-04  -1.0381591188E-03
    3     -2.2770820621E-03  -2.3860673291E-04   2.0313251880E-04  -6.4461020785E-04  -9.8394503315E-04
    4      1.3572576474E-03   2.7370506658E-04  -4.7569829049E-06   4.9265106275E-04   1.2277424855E-03
    5      6.2341857513E-04   8.6898572796E-05   5.7697277699E-05   4.2250166243E-04   4.3957012032E-04
    6     -2.5978136814E-04  -4.9339717491E-05   7.7960905812E-06  -7.0301006674E-04  -1.1027334427E-03
    7     -5.8974873454E-04   1.9917506388E-04   2.8011925208E-04   8.0638294443E-05   4.4781323831E-04
    8     -4.4545821162E-04   1.7312432732E-04   3.3289493919E-04   5.5128202761E-05   2.5603254867E-04
    9     -2.4554350955E-04  -9.1399058183E-06   7.3762932973E-05  -2.2199454585E-04  -2.3703007784E-04
   10     -4.9442500734E-04   1.4093751814E-04   4.2816664238E-05  -1.5633538255E-04   2.8771261560E-04
   11      2.2405148191E-04  -2.1880392596E-05   1.3561233726E-04   2.0189903548E-04   2.7319644170E-05
   12      1.5376991049E-02  -1.4076135090E-03   3.4333796127E-02   1.4027024386E-02   7.6702307498E-03
   13     -1.4523631685E-03   1.3535151850E-02  -1.3929954670E-02   1.3907435412E-02  -3.6194760995E-02
   14      1.8727238839E-02  -7.8601435849E-03  -6.9044852109E-02  -4.9817603133E-03   4.2074691343E-02
   15      2.3076490513E-01  -9.4771245088E-02  -1.3912952272E-01   5.9425657633E-03   2.6857267633E-02
   16     -9.4771245088E-02   1.3113514442E-01   8.0097763574E-02   4.1552349824E-02  -5.2395285886E-02
   17     -1.3912952272E-01   8.0097763574E-02   1.9623833319E-01   7.5440759455E-03  -2.3154656931E-02
   18      5.9425657633E-03   4.1552349824E-02   7.5440759455E-03   7.2129862570E-02   1.8780724196E-02
   19      2.6857267633E-02  -5.2395285886E-02  -2.3154656931E-02   1.8780724196E-02   4.1873843491E-01
   20      5.9323589907E-03  -3.1584991595E-02   6.3093049566E-03  -2.1212553145E-03  -3.1405590068E-02
   21     -1.6774803876E-02  -1.6762639920E-03   1.0058905062E-03   7.4214670484E-04  -2.3923821480E-03
   22     -3.6259380089E-04   1.7500916900E-03  -5.7957309489E-05  -2.3710266140E-04   5.8489946878E-03
   23     -3.7028551481E-03  -2.8774447799E-04   2.6383526837E-03  -1.0202281833E-03   6.1295788862E-04
   24      5.7462880859E-03  -2.1476915599E-04  -1.0982335305E-03   3.1598776013E-03   2.2994509237E-03
   25     -3.5742769198E-03  -1.8294962964E-04   6.1500186889E-04  -9.3518461850E-04  -3.6040009281E-03
   26      4.7776757229E-03   4.5218192679E-04  -8.5802571483E-04   2.6159724345E-04   2.0398922460E-03
   27     -2.8821589805E-02   8.2435093639E-04   7.2378648299E-03   1.0474564019E-03  -1.3094602331E-03
   28      2.0924020026E-02   5.3814146168E-03  -5.4570190559E-03  -3.7867993921E-02  -4.2030200106E-02
   29      3.1081623215E-02  -1.6776178510E-03  -3.9211914080E-04   2.0852501296E-03   6.7266606229E-04
   30      1.8129951814E-04   1.4736672151E-04   4.8387600476E-05   6.9972213650E-04   1.1144062961E-03
   31      1.7768971583E-03  -3.7717264970E-04  -4.5826447489E-04   1.3676666700E-04  -7.9940326663E-04
   32     -1.1656895088E-04  -1.5434581594E-04  -3.9391024206E-04  -4.4808919246E-04  -6.7649061726E-04
   33     -2.0973771973E-01   5.4652473037E-02   8.7790231187E-02  -8.9944623229E-02  -4.4555961974E-02
   34      4.8839509318E-02  -1.0150458276E-01  -3.7973138948E-02  -3.4306616089E-02  -2.9357931603E-01
   35      8.2683694864E-02  -3.9695579096E-02  -1.3680157102E-01  -1.1397239822E-03   1.2075254702E-02
   36      5.0835024179E-04   1.7591175480E-03  -3.4790267783E-04  -6.7133572621E-03  -6.0613077011E-03
   37     -5.0907909032E-04   2.2982992111E-03   5.4279004009E-05  -2.0900052242E-03  -1.8038069302E-04
   38      7.4922528319E-04   8.5002924909E-04  -5.8374496437E-04  -1.2683497588E-03  -1.8901252753E-03
   39      6.7311232229E-04  -5.8960327510E-04   1.8213471388E-03   1.2326818203E-03   2.3710415853E-04
   40      1.2610813115E-03  -5.7225007660E-04   3.3654028340E-04   4.9448949715E-04   5.8489761985E-04
   41      3.4281971236E-04  -4.9301499914E-04   1.7964683699E-03   7.3716718464E-04  -6.6363225932E-05
   42     -3.1950742581E-04   5.3847366038E-06   7.5730338711E-05  -1.5315985773E-04  -2.1705510355E-04
   43     -3.9596530229E-04   4.5541359865E-05   1.0581678111E-04  -8.2399823932E-05   1.2145818105E-05
   44     -8.0151894287E-05   2.0637623035E-05   3.9033633504E-05  -8.4356255163E-06   1.9266049108E-05
                   20                 21                 22                 23                 24        
    0     -1.0849690595E-04  -7.0584209745E-03   3.1435499099E-02  -3.7817539855E-02  -8.1799317614E-02
    1     -2.7967994033E-04   2.4295783165E-02  -6.8221626400E-03   2.2538068195E-02  -2.0854846224E-02
    2      3.8823099501E-04  -3.5848408587E-02   3.0192161658E-02  -3.0141672897E-02   1.9154535799E-02
    3     -1.7779700788E-04  -5.6702079214E-02   4.1773121864E-02   3.7586382176E-02  -1.0460240343E-01
    4      1.6654246401E-04   3.2937183038E-02  -7.5791534616E-03  -1.1454915200E-02   4.3641182925E-02
    5      2.3677931886E-04   1.7467095307E-02  -3.1182711722E-03   9.9572830124E-03   5.6554977285E-02
    6     -1.1186320458E-04   6.9720217509E-03   1.2651447402E-03   1.9254790550E-03   3.9029515538E-03
    7      7.9240427201E-05  -5.6513676517E-03   2.9280579562E-03   2.4773982713E-03   2.8743594636E-02
    8      1.2218100428E-04  -4.1887542628E-03   2.2128834995E-03   3.0250176276E-03   1.9919657118E-02
    9     -1.1099444768E-05   3.2597991777E-03   1.7315350670E-04   1.9706329095E-03   2.4326191978E-03
   10     -9.2848442692E-05  -2.7465415300E-03   2.9014669071E-03  -3.0962806306E-03   6.2746321828E-03
   11      1.6808835972E-04   1.7949668680E-03  -2.1879927799E-03   3.9466103816E-03   3.9659991667E-04
   12     -2.0072311399E-03   6.8215846298E-04   1.9646700145E-04   2.5135433755E-04   3.3567391000E-03
   13      5.8141630413E-02  -1.3167148381E-03   8.1177140584E-04   7.1242145337E-05   1.3190862861E-04
   14     -2.0218042251E-02  -2.0045739328E-03   7.2750870644E-04   3.3082812594E-03   1.9667987787E-03
   15      5.9323589907E-03  -1.6774803876E-02  -3.6259380089E-04  -3.7028551481E-03   5.7462880859E-03
   16     -3.1584991595E-02  -1.6762639920E-03   1.7500916900E-03  -2.8774447799E-04  -2.1476915599E-04
   17      6.3093049566E-03   1.0058905062E-03  -5.7957309489E-05   2.6383526837E-03  -1.0982335305E-03
   18     -2.1212553145E-03   7.4214670484E-04  -2.3710266140E-04  -1.0202281833E-03   3.1598776013E-03
   19     -3.1405590068E-02  -2.3923821480E-03   5.8489946878E-03   6.1295788862E-04   2.2994509237E-03
   20      8.1684079242E-02  -1.5985670421E-03   8.8440979445E-04   1.1602807537E-03   3.2678446142E-05
   21     -1.5985670421E-03   5.3212683665E-01  -1.4677041484E-01  -1.0857747553E-02  -2.4469639789E-01
   22      8.8440979445E-04  -1.4677041484E-01   1.6134406539E-01   5.6545929196E-02   2.2187221459E-02
   23      1.1602807537E-03  -1.0857747553E-02   5.6545929196E-02   3.0656454534E-01  -5.3152688813E-02
   24      3.2678446142E-05  -2.4469639789E-01   2.2187221459E-02  -5.3152688813E-02   6.0028146913E-01
   25      2.2469528437E-04   3.0898179795E-03  -7.0643578849E-02  -1.0180678903E-02   9.9864072857E-03
   26     -4.9481606202E-04  -7.6273830193E-02  -5.7944481266E-04  -1.2034647758E-01  -7.7940766896E-03
   27     -8.1264876217E-04  -1.3565074366E-01   4.5615426705E-02   4.0881220678E-02  -4.3991652863E-02
   28     -8.4701457885E-03   4.5727777772E-02  -8.5651928563E-02  -3.8965877946E-02   1.2647564894E-02
   29      7.0404361791E-03   6.7350207610E-02  -5.1890723820E-02  -1.5187926510E-01   8.5509032582E-03
   30      1.5881260024E-04  -4.1736025930E-02  -2.0890046438E-02  -1.6978360928E-02  -1.2606364713E-01
   31     -5.6264408218E-06   2.2869397754E-02   6.8186461028E-03   6.3647962775E-03  -7.6310298910E-02
   32     -2.9016751578E-04  -1.1851502970E-02  -4.3690522230E-03  -3.0226416717E-03  -2.8425897787E-02
   33      2.1066182062E-04  -2.3693376962E-02  -4.8681591080E-05   5.8148086693E-03  -1.2965744245E-02
   34      1.2822410121E-02   2.7030420936E-02  -3.3370973810E-03   2.3515317012E-03  -1.7305780439E-03
   35     -7.8159158417E-02   3.7002504266E-02   5.0544021389E-04  -1.3442215430E-03  -1.2268426011E-03
   36     -1.6976089959E-03  -1.0168970029E-02   2.9752834523E-02   5.4821393245E-03   5.8113879680E-03
   37     -9.3376752877E-04   1.1988875199E-02  -8.1763604874E-03  -6.9682598205E-03  -4.1030755273E-03
   38      6.3827677615E-04   1.0785742089E-02  -2.6881079703E-02  -1.4442730953E-03  -3.8151603830E-03
   39      2.3288537028E-03  -4.4763301778E-03  -1.2638259599E-03   3.0394736433E-02   4.7995497576E-03
   40      4.5455681220E-04   4.4907919952E-05   3.4239498102E-03  -1.7779163162E-02  -5.2303215955E-04
   41      1.3981928152E-03   8.6948106196E-03  -1.0476898178E-03  -2.2150703527E-02  -4.4286315832E-03
   42     -7.8998614437E-06  -2.8258140308E-03  -2.7521319264E-03  -7.9430742016E-04  -1.5371719224E-02
   43      1.2899121198E-05  -7.5045504429E-03  -3.6167625675E-03  -2.1963544819E-03  -2.1746328293E-02
   44      1.6333845029E-05  -1.4608584067E-03  -9.6877048281E-04  -2.7111563461E-04  -6.9385291745E-03
                   25                 26                 27                 28                 29        
    0     -1.5954411262E-02   1.2928962855E-02   2.3565201755E-03  -5.2519234167E-04  -2.8688235035E-03
    1     -1.5629066637E-01   8.0920062114E-02  -3.0536342985E-03   2.9385164753E-03   5.4128095805E-03
    2      9.2004863215E-02  -1.6743230711E-01   8.4579350632E-03  -3.7080462583E-03  -8.8840950602E-03
    3      4.8722358829E-02   5.7605859071E-02   4.3383626332E-04   1.2842601792E-03  -7.5336153451E-03
    4     -1.6379770325E-01  -9.6708316122E-02  -9.0682013579E-04   3.1054737520E-03   3.5053419237E-03
    5     -1.0254361103E-01  -1.8499630188E-01  -2.7792927612E-03  -8.7055971821E-05   3.5609026001E-03
    6     -5.4259453343E-03  -3.5447579531E-03  -5.7934650960E-03   4.5934947471E-04   8.9399071203E-04
    7     -1.5478543071E-02  -2.9179764786E-02   7.5571825495E-04  -2.9012305978E-03  -1.8364894991E-03
    8     -1.1842602683E-02  -2.3166713550E-02   1.1086133161E-03  -8.1526302251E-04  -3.2710025763E-03
    9     -1.2955560283E-02   1.7161861540E-02   4.7164421286E-04   6.9040204870E-05  -3.5078546255E-04
   10     -2.0884212696E-02   4.1892953708E-02   1.3325812339E-03  -1.6360420111E-03  -4.9412553736E-04
   11      8.5712656395E-03  -1.7396346922E-02   2.4930810683E-04   1.2799802558E-04  -5.0595494322E-04
   12     -1.0117027135E-03  -7.4031425834E-04  -5.7333940694E-03   8.3219583374E-03  -4.1602577370E-02
   13     -6.0367385792E-04   3.5688700435E-04  -2.6162494113E-03   8.3499296833E-03  -6.5620052843E-03
   14      3.4470384785E-05  -8.8776176189E-04  -8.2843563328E-03   7.6454150439E-03  -3.4297891247E-02
   15     -3.5742769198E-03   4.7776757229E-03  -2.8821589805E-02   2.0924020026E-02   3.1081623215E-02
   16     -1.8294962964E-04   4.5218192679E-04   8.2435093639E-04   5.3814146168E-03  -1.6776178510E-03
   17      6.1500186889E-04  -8.5802571483E-04   7.2378648299E-03  -5.4570190559E-03  -3.9211914080E-04
   18     -9.3518461850E-04   2.6159724345E-04   1.0474564019E-03  -3.7867993921E-02   2.0852501296E-03
   19     -3.6040009281E-03   2.0398922460E-03  -1.3094602331E-03  -4.2030200106E-02   6.7266606229E-04
   20      2.2469528437E-04  -4.9481606202E-04  -8.1264876217E-04  -8.4701457885E-03   7.0404361791E-03
   21      3.0898179795E-03  -7.6273830193E-02  -1.3565074366E-01   4.5727777772E-02   6.7350207610E-02
   22     -7.0643578849E-02  -5.7944481266E-04   4.5615426705E-02  -8.5651928563E-02  -5.1890723820E-02
   23     -1.0180678903E-02  -1.2034647758E-01   4.0881220678E-02  -3.8965877946E-02  -1.5187926510E-01
   24      9.9864072857E-03  -7.7940766896E-03  -4.3991652863E-02   1.2647564894E-02   8.5509032582E-03
   25      5.7435721970E-01   4.4614900931E-02   2.1077934645E-02  -1.8904991329E-02  -3.9763186574E-03
   26      4.4614900931E-02   5.5305430699E-01   1.8018515476E-02   2.6915460206E-05   1.6523051322E-02
   27      2.1077934645E-02   1.8018515476E-02   5.1517347382E-01  -6.5116189284E-03   4.3162205224E-02
   28     -1.8904991329E-02   2.6915460206E-05  -6.5116189284E-03   6.1214920572E-01  -4.9227285573E-02
   29     -3.9763186574E-03   1.6523051322E-02   4.3162205224E-02  -4.9227285573E-02   5.9617356841E-01
   30     -5.6872240338E-02  -2.5548262620E-02   1.5733188990E-03  -3.2568594213E-03  -2.6566363747E-03
   31     -1.4344040145E-01  -2.9095690115E-02  -6.2941447226E-03   6.5225101009E-03   5.3431312908E-03
   32     -2.4236606324E-02  -4.5179018395E-02  -3.3297112301E-03   7.6931327563E-04   2.9229573858E-03
   33      3.3404126187E-03  -8.4473102843E-04  -1.8277327364E-01  -4.5694566943E-02  -3.4415834169E-02
   34      5.0564683384E-03  -5.5137649403E-03  -5.7944823463E-02  -8.9911310187E-02  -6.5018470132E-03
   35      1.5430616536E-03  -4.2877866639E-03  -4.9032946564E-02  -6.9740585549E-03  -7.8933473670E-02
   36      2.7962600347E-03   2.5947332256E-03  -5.2727497297E-02  -9.6027703669E-03  -4.0705184531E-03
   37     -3.7279412642E-04  -1.9147168874E-03  -9.4018356263E-03  -3.1920121635E-01   3.0025832296E-02
   38     -4.3161967289E-04  -2.8459118730E-03  -2.4374830228E-03   3.3906871054E-02  -5.6061517298E-02
   39     -2.9015534506E-03   6.8933481174E-03  -6.6094271653E-02   1.4245534480E-02  -5.8972576456E-02
   40      3.1079125623E-03  -2.0777833200E-03   1.6906808403E-02  -7.7189951352E-02   7.8587136997E-02
   41      2.6804790230E-03  -4.5641514888E-03  -5.3065223753E-02   7.1734329764E-02  -2.9152012302E-01
   42      1.0188648907E-02  -5.1926705481E-03   5.2963830759E-04  -2.7374686369E-04  -6.2385825323E-04
   43      1.1681914957E-02  -5.6587150868E-03   1.5790100578E-03  -1.0201798507E-03  -1.4322694720E-03
   44      3.3471019438E-03   2.8782606971E-03   5.9704497089E-04  -4.5432589476E-04  -4.7547383136E-04
                   30                 31                 32                 33                 34        
    0      5.4963967005E-03  -9.5604375637E-03   1.8270457276E-02   2.7608055164E-03   3.7819132950E-04
    1     -1.1953348604E-03  -1.7902499065E-02   3.9916881520E-02  -1.7864932540E-03  -2.7820754965E-03
    2      3.4712856492E-04   9.7237704007E-03  -1.9588702177E-02   1.3312516278E-03   1.5878580581E-03
    3      5.3309771391E-03  -2.4595192480E-03  -3.1166397347E-04   3.4550906006E-03   2.6534707275E-03
    4      2.3435157922E-02  -1.6237736272E-02  -3.2742742050E-02  -2.2175837537E-03  -2.5372766090E-03
    5      1.7840788208E-02  -1.4009022584E-02  -2.0832077628E-02  -1.8404118423E-03  -8.5368085749E-04
    6     -1.2006284150E-01   5.7758183665E-02   5.6076925391E-02   2.3962989392E-03   3.5831616984E-04
    7      5.4580793695E-02  -1.5166624622E-01  -8.6573968030E-02   6.7241355812E-05   8.2045925139E-06
    8      6.3979766611E-02  -9.9475502091E-02  -1.7257972709E-01  -5.0053223102E-04  -4.1265763551E-04
    9     -8.2205758821E-02   3.0051588532E-03  -6.3006089231E-03   8.0906640486E-04   2.5148535624E-04
   10      4.7772626389E-03  -1.8358542846E-01   1.1531400605E-01   1.0125967441E-03  -2.9629083442E-04
   11     -1.1241686708E-02   1.3012630373E-01  -2.0449511194E-01  -1.0179397416E-03   1.0256315704E-04
   12      8.8907011581E-04   4.1156827550E-04  -8.3973365711E-04  -1.0995461108E-01   8.1222842900E-03
   13      1.2488135221E-04  -2.3820141677E-04   8.1613989579E-05   1.1616118256E-02  -8.5798784562E-02
   14      1.0208466307E-03   2.5665783557E-04  -1.6023184130E-03  -7.6377241530E-02   3.4961179066E-02
   15      1.8129951814E-04   1.7768971583E-03  -1.1656895088E-04  -2.0973771973E-01   4.8839509318E-02
   16      1.4736672151E-04  -3.7717264970E-04  -1.5434581594E-04   5.4652473037E-02  -1.0150458276E-01
   17      4.8387600476E-05  -4.5826447489E-04  -3.9391024206E-04   8.7790231187E-02  -3.7973138948E-02
   18      6.9972213650E-04   1.3676666700E-04  -4.4808919246E-04  -8.9944623229E-02  -3.4306616089E-02
   19      1.1144062961E-03  -7.9940326663E-04  -6.7649061726E-04  -4.4555961974E-02  -2.9357931603E-01
   20      1.5881260024E-04  -5.6264408218E-06  -2.9016751578E-04   2.1066182062E-04   1.2822410121E-02
   21     -4.1736025930E-02   2.2869397754E-02  -1.1851502970E-02  -2.3693376962E-02   2.7030420936E-02
   22     -2.0890046438E-02   6.8186461028E-03  -4.3690522230E-03  -4.8681591080E-05  -3.3370973810E-03
   23     -1.6978360928E-02   6.3647962775E-03  -3.0226416717E-03   5.8148086693E-03   2.3515317012E-03
   24     -1.2606364713E-01  -7.6310298910E-02  -2.8425897787E-02  -1.2965744245E-02  -1.7305780439E-03
   25     -5.6872240338E-02  -1.4344040145E-01  -2.4236606324E-02   3.3404126187E-03   5.0564683384E-03
   26     -2.5548262620E-02  -2.9095690115E-02  -4.5179018395E-02  -8.4473102843E-04  -5.5137649403E-03
   27      1.5733188990E-03  -6.2941447226E-03  -3.3297112301E-03  -1.8277327364E-01  -5.7944823463E-02
   28     -3.2568594213E-03   6.5225101009E-03   7.6931327563E-04  -4.5694566943E-02  -8.9911310187E-02
   29     -2.6566363747E-03   5.3431312908E-03   2.9229573858E-03  -3.4415834169E-02  -6.5018470132E-03
   30      6.5581041126E-01  -4.8333571389E-02   4.0087673319E-02  -2.6964661770E-03  -8.2469602910E-04
   31     -4.8333571389E-02   5.7667921173E-01  -2.1700223435E-02  -1.3401492822E-03   2.2916687105E-05
   32      4.0087673319E-02  -2.1700223435E-02   5.3125926880E-01   2.0804782544E-03   4.7281631490E-04
   33     -2.6964661770E-03  -1.3401492822E-03   2.0804782544E-03   6.1869929783E-01   2.6285739866E-02
   34     -8.2469602910E-04   2.2916687105E-05   4.7281631490E-04   2.6285739866E-02   5.8598635181E-01
   35     -4.9886715337E-04  -8.0671918053E-04   1.6763707479E-03   2.2607385044E-02   5.5628971614E-03
   36     -1.2666421738E-03   2.0305834750E-03   6.8768996811E-04   4.2689319082E-03  -3.1514792166E-02
   37      1.3030226573E-03  -1.5136978420E-03  -5.7892985768E-04   1.9850275710E-03  -1.4474224378E-02
   38     -1.1218842238E-05  -3.5243274829E-04   1.4446770211E-03  -2.8474109409E-03  -1.0760444176E-02
   39     -1.0054208317E-03   5.0742197311E-04   1.2543699452E-03  -1.2051772794E-03   1.2081039718E-02
   40     -5.6748823932E-04   4.2218289708E-04   1.5826842418E-03  -3.6428688573E-03   3.0396471949E-03
   41      7.7965113124E-04  -7.5657696667E-04  -9.7091434535E-04  -2.0868279826E-03   4.3140057432E-03
   42     -2.9494439321E-01   5.5427492741E-02  -6.6897784627E-02   5.8150113524E-04   2.5240319123E-04
   43      4.6831995986E-02  -7.4704680876E-02   1.3018202165E-02   3.9534109422E-04   1.0736960580E-04
   44     -6.7264054881E-02   1.4722239294E-02  -6.8348684532E-02  -2.4285483346E-05   1.0477120818E-05
                   35                 36                 37                 38                 39        
    0     -2.4626880795E-04  -8.6581929179E-04   4.3024930534E-04  -3.2342365449E-04  -1.1743057659E-03
    1      4.8345419312E-04   1.1654289710E-04  -2.2212499322E-04  -3.0606251665E-04   1.8561757358E-03
    2     -5.4590609308E-04  -9.7904569785E-04   6.1538654591E-04   1.5448459160E-03  -2.2991832376E-03
    3      2.4336944632E-03  -2.0443199590E-03   8.8569768967E-04   1.3193874901E-03  -1.7242010838E-04
    4     -1.8758758714E-03   1.9549276183E-05  -7.0164621952E-05  -2.2517915373E-04   2.6489255579E-04
    5     -1.1627356973E-03   5.2453811653E-04  -1.5658854497E-04  -3.6774943758E-04  -9.8023586305E-04
    6      8.1755047370E-05  -7.3716047370E-05  -1.6358110269E-03   4.1109302600E-04  -2.8726480547E-04
    7     -2.9629568584E-04  -1.0874675141E-03   7.4221886873E-04  -1.1081025155E-04  -7.7113301649E-04
    8     -2.2555651898E-04  -1.0926940682E-03   5.8413108543E-05  -4.9087311386E-04  -7.3118297974E-04
    9      6.0143341790E-05   4.0073965859E-04  -1.5538827925E-04  -2.2758743067E-04   1.1999366933E-05
   10      5.4483514883E-04  -5.6629093677E-04   2.9648668115E-04   3.5533146867E-04   2.5653730715E-04
   11     -9.3335177307E-04   5.7821943280E-05   7.5770110456E-05  -5.3040489632E-04  -5.7389297579E-04
   12     -6.7734677960E-02   7.8235770036E-04   2.9636294520E-04   6.2180427289E-04  -7.0930026727E-03
   13      3.7294170361E-02   2.2846460361E-03   1.7785365094E-03   5.3234186297E-04  -2.1250499657E-03
   14     -2.6704073149E-01   2.9977110581E-04  -2.2986565718E-04   6.4301370787E-04  -4.5490699839E-03
   15      8.2683694864E-02   5.0835024179E-04  -5.0907909032E-04   7.4922528319E-04   6.7311232229E-04
   16     -3.9695579096E-02   1.7591175480E-03   2.2982992111E-03   8.5002924909E-04  -5.8960327510E-04
   17     -1.3680157102E-01  -3.4790267783E-04   5.4279004009E-05  -5.8374496437E-04   1.8213471388E-03
   18     -1.1397239822E-03  -6.7133572621E-03  -2.0900052242E-03  -1.2683497588E-03   1.2326818203E-03
   19      1.2075254702E-02  -6.0613077011E-03  -1.8038069302E-04  -1.8901252753E-03   2.3710415853E-04
   20     -7.8159158417E-02  -1.6976089959E-03  -9.3376752877E-04   6.3827677615E-04   2.3288537028E-03
   21      3.7002504266E-02  -1.0168970029E-02   1.1988875199E-02   1.0785742089E-02  -4.4763301778E-03
   22      5.0544021389E-04   2.9752834523E-02  -8.1763604874E-03  -2.6881079703E-02  -1.2638259599E-03
   23     -1.3442215430E-03   5.4821393245E-03  -6.9682598205E-03  -1.4442730953E-03   3.0394736433E-02
   24     -1.2268426011E-03   5.8113879680E-03  -4.1030755273E-03  -3.8151603830E-03   4.7995497576E-03
   25      1.5430616536E-03   2.7962600347E-03  -3.7279412642E-04  -4.3161967289E-04  -2.9015534506E-03
   26     -4.2877866639E-03   2.5947332256E-03  -1.9147168874E-03  -2.8459118730E-03   6.8933481174E-03
   27     -4.9032946564E-02  -5.2727497297E-02  -9.4018356263E-03  -2.4374830228E-03  -6.6094271653E-02
   28     -6.9740585549E-03  -9.6027703669E-03  -3.1920121635E-01   3.3906871054E-02   1.4245534480E-02
   29     -7.8933473670E-02  -4.0705184531E-03   3.0025832296E-02  -5.6061517298E-02  -5.8972576456E-02
   30     -4.9886715337E-04  -1.2666421738E-03   1.3030226573E-03  -1.1218842238E-05  -1.0054208317E-03
   31     -8.0671918053E-04   2.0305834750E-03  -1.5136978420E-03  -3.5243274829E-04   5.0742197311E-04
   32      1.6763707479E-03   6.8768996811E-04  -5.7892985768E-04   1.4446770211E-03   1.2543699452E-03
   33      2.2607385044E-02   4.2689319082E-03   1.9850275710E-03  -2.8474109409E-03  -1.2051772794E-03
   34      5.5628971614E-03  -3.1514792166E-02  -1.4474224378E-02  -1.0760444176E-02   1.2081039718E-02
   35      5.7666128501E-01   5.2530185470E-03   3.9034591236E-03   9.2943479181E-04  -3.0268475436E-02
   36      5.2530185470E-03   6.0186073323E-02   2.6657687253E-03  -5.0574574574E-03   1.9607621749E-03
   37      3.9034591236E-03   2.6657687253E-03   3.4453000107E-01  -2.4470895980E-02  -1.6444660864E-03
   38      9.2943479181E-04  -5.0574574574E-03  -2.4470895980E-02   5.6849261298E-02   1.9730983976E-03
   39     -3.0268475436E-02   1.9607621749E-03  -1.6444660864E-03   1.9730983976E-03   7.2910107101E-02
   40     -1.2599211979E-02   7.7374293477E-03  -5.7121402494E-03   2.9684257649E-02  -1.9946154156E-02
   41     -9.7704064608E-03  -1.5539753532E-03   3.9369109962E-04   3.8027310211E-04   5.3797273527E-02
   42      1.4600527954E-04  -5.8280914224E-05  -1.2956129005E-05   1.2482436962E-04  -8.0019248604E-05
   43      1.6496293876E-04  -3.3249028228E-04   2.7756140162E-04   9.6793465219E-05  -1.9913614419E-04
   44     -6.2191203058E-05  -9.7592965387E-05   1.2921771552E-04  -1.0530793396E-04  -9.3616804176E-05
                   40                 41                 42                 43                 44        
    0      6.0230357828E-04  -1.5996668923E-03   1.6820168068E-03   1.9079399213E-03   3.7017559639E-04
    1     -1.6433730431E-03  -4.8651767257E-04  -1.1429324746E-03  -7.5610688938E-06  -1.4860351102E-03
    2      6.2325183923E-04   3.4091789395E-03   1.2364074546E-03   1.0002346357E-05   9.5073945265E-04
    3     -2.5966444347E-04   4.8446511017E-04   2.3471320455E-03   1.3696340885E-03   3.0287219279E-04
    4     -3.8993141609E-04  -2.8846463049E-04  -1.2761325150E-03   5.4302067528E-04   7.7681007278E-04
    5      4.3609246644E-04   3.4112882852E-04  -3.4467471071E-04   1.2451985950E-03   4.8249491200E-04
    6      6.4368706368E-04  -1.3421404510E-03  -1.0330857177E-02   2.6190844565E-02   3.4548662404E-02
    7     -5.2968198096E-04  -7.5683597258E-05   9.3320593168E-03  -4.9124241012E-03  -1.6957048374E-02
    8     -8.5323732468E-04   7.0566554814E-04   8.0265231635E-03  -7.1738337683E-03  -1.5436357950E-03
    9     -1.3695837092E-05   1.9437789091E-05   1.0620992476E-02   2.1553730092E-02  -2.5498191528E-02
   10      4.2201536658E-05  -5.2815272771E-05  -1.4438917810E-04  -8.3729993929E-03   2.0151772612E-02
   11     -3.7634035899E-04   3.2243416440E-04  -1.3268991497E-03   2.0841126571E-02  -1.8548585952E-02
   12     -2.8753732713E-03  -8.3179359220E-04  -1.4625222882E-04  -8.8836817315E-05   1.6536423639E-05
   13      4.4843360525E-04  -5.9874886187E-04  -2.6712527191E-05   1.1195115734E-05  -9.7316058730E-07
