
$orca_hessian_file

$act_atom
  0

$act_coord
  0

$act_energy
        0.000000

$multiplicity
  1

$hessian
45
                    0                  1                  2                  3                  4        
    0      7.4487203771E-02  -4.9101484762E-03  -2.8219923732E-03   1.1483177316E-02  -4.7359257697E-03
    1     -4.9101484762E-03   2.6653938539E-01  -1.4643885140E-01  -1.9840566786E-03   1.3227439907E-02
    2     -2.8219923732E-03  -1.4643885140E-01   1.8448115320E-01   1.0909461473E-02   3.6457523325E-02
    3      1.1483177316E-02  -1.9840566786E-03   1.0909461473E-02   8.4706674705E-02  -2.9270319417E-02
    4     -4.7359257697E-03   1.3227439907E-02   3.6457523325E-02  -2.9270319417E-02   1.0868472946E-01
    5      1.1152744020E-02   1.7962003037E-02  -6.8906760242E-02  -6.1903448159E-02   9.5325171379E-02
    6     -3.7181456652E-03  -7.2154065772E-03  -1.4050058237E-04   5.6528029799E-04   6.4433418946E-04
    7     -7.2383673198E-03  -8.3775622958E-03  -3.0204746466E-04   1.9150994073E-04   3.5184536145E-03
    8      1.1820692589E-03  -7.8173741053E-04   2.2102610708E-03   1.5071373301E-04   8.1367884892E-04
    9      1.9753416249E-03  -3.0822675658E-03   3.6383741594E-04   4.0846800321E-03  -2.5713037838E-03
   10     -2.0467622591E-03   4.4730074900E-03  -2.3470760191E-03  -1.0581798211E-03   2.7797391183E-03
   11      7.4923421435E-04  -1.5200652735E-03   1.4597715870E-03  -1.0213281803E-05   2.3886404268E-03
   12     -4.8472313319E-04   4.5632572246E-04  -3.0491531325E-04  -9.1395097474E-04   2.4255307165E-04
   13      1.4906841663E-04   1.8167552840E-04  -8.2376873164E-05   7.2269841416E-05   1.2773439649E-04
   14      3.3240876021E-04  -1.0788419392E-03   1.3906752559E-03   6.1580731829E-04   3.0281703718E-04
   15     -6.6607395346E-04   1.6927484510E-03  -8.2890760209E-04  -1.1663228278E-03   1.1081950322E-03
   16     -7.8030958837E-05   2.5373804181E-04  -4.4824517675E-05  -1.2266079919E-04   1.9962540487E-04
   17     -4.2619598756E-05  -2.1179248425E-04   2.6304216975E-04  -9.3708631961E-05   8.2871015045E-05
   18     -9.1461785243E-04   2.3908311922E-04  -4.3449813476E-04  -7.5825269915E-04   6.3488903089E-05
   19      6.5161179539E-04   8.7148187229E-04  -2.1251609085E-04   5.7233875304E-04   3.1876538407E-04
   20      1.1159870349E-04  -2.5077439076E-04   2.8603994177E-04  -6.7024234443E-05   2.7576096575E-05
   21     -1.0162205760E-02   4.0965689821E-02  -1.8627884195E-02  -2.4598660500E-02   3.0617472201E-02
   22      4.4655922340E-02  -3.9954834562E-02   2.0781235182E-02   3.0584450199E-02  -8.6070756072E-03
   23     -2.3874117422E-02   2.5864443730E-02   1.9526655379E-03   4.4965614495E-02  -2.9609483467E-02
   24     -8.2020607740E-02  -2.5806811110E-02   9.0275632957E-03  -8.4381119927E-02   2.2364316126E-03
   25     -1.6213656984E-02  -2.0389371137E-01   8.0139893909E-02   7.0722705315E-03  -1.0436746186E-01
   26      1.6444643998E-03   7.7448257349E-02  -1.2141999798E-01   2.2343488992E-02  -7.1616415089E-02
   27      4.2200039103E-03  -9.8012821867E-03   3.5128772414E-03   5.5471174157E-03  -5.8057107224E-03
   28      2.3892575814E-03  -6.4018705943E-03   2.8397705348E-03   3.2704920762E-03  -4.0921840433E-03
   29      8.7920204715E-04  -3.4561195894E-03   1.3658058367E-03   2.2367447438E-03  -8.2063073379E-04
   30      4.8095562370E-03   6.4584852719E-03  -2.6378363152E-03   6.6498100254E-03   9.9466148275E-03
   31     -1.4229663687E-02  -3.1967181053E-02   9.0322423660E-03  -5.7210938422E-03  -1.0083911919E-02
   32      1.2894502334E-02   3.0762363158E-02  -1.7984462984E-03  -1.7727685275E-02  -3.3405770799E-02
   33      2.8380463791E-03  -1.9445752292E-03   1.8005557324E-03   3.5512694292E-03  -8.4324424125E-04
   34     -2.4171906005E-05   5.8597457346E-05  -7.9776834073E-05  -3.1621023768E-04   8.4223977814E-05
   35     -6.9460855402E-04   1.6872108066E-03  -2.0613316107E-03  -2.1741048069E-05  -1.3384023572E-05
   36     -5.4538251125E-04   3.5566911544E-03  -1.6109208816E-03  -5.8309692923E-04   1.0542247156E-03
   37      1.3539462078E-03   2.7866935489E-03  -5.6294144421E-04  -1.6055494631E-04   8.2755534157E-04
   38     -4.5824032893E-04   4.0590989849E-04  -1.0520402538E-03  -4.4789237001E-04  -3.2426207855E-04
   39     -7.6491463292E-04   9.9072843005E-04   1.0429754840E-04  -1.0701835081E-03   1.4311368400E-03
   40      1.9079511604E-04   1.0597365835E-03  -3.0121812879E-04  -3.8046025249E-04   4.6886133513E-04
   41     -3.7276538488E-04   5.3727458654E-04   6.8684610570E-05   4.3072963550E-04   1.1440078439E-03
   42     -5.3665798910E-04   3.6483639381E-04   1.7015051231E-03  -3.1164218561E-03  -4.1337808930E-03
   43      1.0608536375E-04   1.1434040622E-03   1.4511555955E-03  -2.7339619134E-03  -3.0864945114E-03
   44     -6.9452250879E-04  -1.2594722090E-03   1.7604771682E-03  -1.3251755026E-03  -7.7560406661E-04
                    5                  6                  7                  8                  9        
    0      1.1152744020E-02  -3.7181456652E-03  -7.2383673198E-03   1.1820692589E-03   1.9753416249E-03
    1      1.7962003037E-02  -7.2154065772E-03  -8.3775622958E-03  -7.8173741053E-04  -3.0822675658E-03
    2     -6.8906760242E-02  -1.4050058237E-04  -3.0204746466E-04   2.2102610708E-03   3.6383741594E-04
    3     -6.1903448159E-02   5.6528029799E-04   1.9150994073E-04   1.5071373301E-04   4.0846800321E-03
    4      9.5325171379E-02   6.4433418946E-04   3.5184536145E-03   8.1367884892E-04  -2.5713037838E-03
    5      3.4099470578E-01  -1.2504672678E-03  -1.8217979444E-03   7.1821130858E-03  -1.6401823330E-03
    6     -1.2504672678E-03   6.9360396365E-02   1.6456163969E-02  -1.5437805165E-02   8.3688716406E-04
    7     -1.8217979444E-03   1.6456163969E-02   2.6958181527E-01  -1.7888862178E-01   2.9408348790E-02
    8      7.1821130858E-03  -1.5437805165E-02  -1.7888862178E-01   2.0620087205E-01  -2.0770576607E-02
    9     -1.6401823330E-03   8.3688716406E-04   2.9408348790E-02  -2.0770576607E-02   3.4034795758E-01
   10      2.5169271630E-03   3.9680116249E-02  -3.6476912815E-02   2.1334674874E-02  -1.4804382907E-01
   11      4.4585661226E-03  -2.8374042491E-02   2.4934546895E-02   3.7604949335E-03  -4.0614982848E-04
   12      1.2954754614E-04  -1.9914176935E-04  -2.5406770815E-04   7.0011983614E-05  -4.8128929981E-04
   13      1.2128247653E-04   4.4267555163E-05   2.5475010329E-04  -9.0012327112E-05   9.5497447737E-05
   14      1.0923365394E-03   1.2768299297E-04  -2.4061120104E-05   3.9798767178E-04   5.0390018839E-04
   15      1.4247732702E-03  -4.2837354778E-04  -5.5975570397E-04   2.3403755575E-04  -1.6687145143E-03
   16      1.5144909407E-04  -4.9436858902E-05   1.7640439022E-04  -6.7600345952E-05  -1.1419918766E-04
   17      2.6452504259E-04  -1.9359168110E-05  -5.5542179887E-07   1.0309381130E-04   5.2070267207E-05
   18      3.1971226734E-04  -2.4494870049E-04  -2.9342341565E-04   8.0626102083E-05  -4.9714202217E-04
   19     -6.0188720075E-05   1.4197703321E-04   9.3212260150E-04  -4.7539327878E-04   3.9827887205E-04
   20      2.5085906285E-04   2.2490220117E-05  -1.4682697826E-04   2.0337522185E-04   6.4987403319E-05
   21      3.5193557267E-02  -1.1269384400E-03  -3.7540438234E-03   1.3952558876E-03  -1.2105812127E-02
   22     -2.1087353634E-02  -1.2451187903E-03   1.6625402907E-03  -1.0720413745E-03  -7.3750117583E-03
   23     -1.2740871637E-02  -4.8953746106E-04  -2.3000603109E-03   2.3653230744E-03  -4.5404708586E-03
   24      1.2784091231E-02   2.8988927793E-03   8.6889361691E-04  -2.4839500556E-03  -4.3289890769E-02
   25     -7.5313106040E-02  -1.6220168074E-02  -3.2520642421E-02   6.9921230405E-03   3.1540426941E-02
   26     -2.3128760521E-01   2.0933132321E-02   3.4698872827E-02  -6.7260729654E-03   3.8214364556E-03
   27     -7.4171187731E-03   1.5450011379E-03   2.0265839181E-04   1.4408688768E-04   1.3061782774E-03
   28     -3.6541364448E-03   4.3008140623E-04   1.1228624577E-03  -2.5029161532E-04   3.0732736529E-03
   29     -2.4569309214E-03   5.2184567329E-04   1.3363685157E-04  -4.2305216905E-04   1.8356910691E-03
   30      1.3523901116E-02  -7.7302483846E-02  -3.5684112021E-02   3.0080980299E-02  -2.7111846594E-01
   31     -1.2674859673E-02  -2.6181396006E-02  -2.0050658463E-01   1.1143215502E-01   8.3467276844E-02
   32     -3.9775581355E-02   2.0290991977E-02   1.1526748635E-01  -1.8867028237E-01   2.0350110748E-02
   33     -1.3026112320E-03   9.6370844625E-04   1.0852287968E-03  -3.0438915004E-04   2.1836881611E-03
   34      2.6325746301E-04  -1.7614860348E-04  -1.6334555888E-03   7.5574777405E-04  -1.2072947542E-03
   35     -5.4274420108E-04  -2.0180801604E-04  -7.4843534944E-05  -6.0543222585E-04  -1.2919579463E-03
   36      3.2118575952E-04  -1.1330715446E-04   3.8799841338E-04  -1.8556314271E-04  -4.0032381973E-04
   37      6.7351555666E-04  -1.9321739553E-04   9.4155083560E-05  -9.0771296595E-05  -3.5294787153E-04
   38     -4.5052040423E-04   3.3718812475E-05   1.1945255283E-04  -3.2061967466E-05  -6.8055620999E-05
   39      3.0533460370E-03  -1.9171331140E-04  -3.5022221166E-04   1.9748866942E-04  -6.0442479795E-04
   40      6.2939532326E-04  -5.9298635182E-05  -2.1938410069E-04   1.4426642097E-04  -2.5364575790E-04
   41      1.8588814338E-03  -1.0007983201E-04  -1.5696038047E-04   1.1595524130E-04  -3.2067842126E-04
   42     -4.4447026358E-03   7.1548862442E-03  -4.9065519362E-04   5.6767032101E-03  -2.0568669555E-02
   43     -3.0082947519E-03  -6.0329039834E-03   2.3914380322E-03   4.0299319003E-02   1.5242952195E-02
   44      5.9026908484E-05   4.0540485205E-03   8.5062839165E-03  -2.6082574459E-02   2.0299631633E-03
                   10                 11                 12                 13                 14        
    0     -2.0467622591E-03   7.4923421435E-04  -4.8472313319E-04   1.4906841663E-04   3.3240876021E-04
    1      4.4730074900E-03  -1.5200652735E-03   4.5632572246E-04   1.8167552840E-04  -1.0788419392E-03
    2     -2.3470760191E-03   1.4597715870E-03  -3.0491531325E-04  -8.2376873164E-05   1.3906752559E-03
    3     -1.0581798211E-03  -1.0213281803E-05  -9.1395097474E-04   7.2269841416E-05   6.1580731829E-04
    4      2.7797391183E-03   2.3886404268E-03   2.4255307165E-04   1.2773439649E-04   3.0281703718E-04
    5      2.5169271630E-03   4.4585661226E-03   1.2954754614E-04   1.2128247653E-04   1.0923365394E-03
    6      3.9680116249E-02  -2.8374042491E-02  -1.9914176935E-04   4.4267555163E-05   1.2768299297E-04
    7     -3.6476912815E-02   2.4934546895E-02  -2.5406770815E-04   2.5475010329E-04  -2.4061120104E-05
    8      2.1334674874E-02   3.7604949335E-03   7.0011983614E-05  -9.0012327112E-05   3.9798767178E-04
    9     -1.4804382907E-01  -4.0614982848E-04  -4.8128929981E-04   9.5497447737E-05   5.0390018839E-04
   10      1.4456364831E-01  -6.2139820576E-03   1.3777848258E-05   1.2342436607E-04   9.3272071091E-05
   11     -6.2139820576E-03   5.9623794162E-02  -4.2637126423E-05   4.7478730941E-05   3.0443342788E-04
   12      1.3777848258E-05  -4.2637126423E-05   7.1786421674E-02   1.7010341838E-03  -2.8956052696E-03
   13      1.2342436607E-04   4.7478730941E-05   1.7010341838E-03   7.8836003308E-02  -1.1645517415E-02
   14      9.3272071091E-05   3.0443342788E-04  -2.8956052696E-03  -1.1645517415E-02   4.2101708104E-01
   15      1.9761654855E-06  -2.1074699759E-04  -9.6881174183E-04  -8.6879382986E-03  -3.3120329910E-02
   16      1.4965945914E-04   3.4543617923E-05  -1.0644020451E-02   6.3073007734E-03  -2.0587251822E-02
   17      7.4091977287E-05   8.4887040353E-05  -4.8849075886E-02  -2.6743997691E-02  -4.5555344976E-02
   18     -1.8656670743E-05  -5.2312730249E-05   1.3764668025E-02  -2.2625702699E-04  -3.6611033465E-03
   19      3.6106766584E-04   7.2975923793E-05   1.6112587964E-03  -1.5526634674E-02   4.1686716475E-02
   20     -1.2073566984E-05   7.9189316193E-05  -7.3850474167E-03   5.8679308607E-02  -4.0595499350E-02
   21     -3.6916110893E-03  -2.7824442510E-03   1.2382890384E-03   1.6063785554E-03   2.0943200224E-03
   22      3.3767187211E-05  -1.3154851652E-03   6.7576244494E-04   7.9392321002E-04   5.8078618258E-04
   23     -1.2269666240E-03  -3.0114351208E-05   5.1833999396E-04   7.2331488616E-04   4.5370245855E-03
   24     -4.3304990247E-03  -1.1589938086E-02   2.7626168181E-03  -3.2368187703E-04  -1.7923936289E-03
   25      2.6521474670E-03   5.3442495071E-03  -9.3273557630E-04   3.2263475660E-05   2.0442612340E-03
   26      3.3900330796E-03   1.0250967158E-03   3.9689415130E-04   1.5063709745E-04  -2.5643132164E-03
   27     -8.0962761341E-04  -4.1559627039E-04   3.0889016765E-03   1.1273340067E-03  -5.5116253663E-04
   28      3.0633636069E-04   5.7342431669E-04   5.3449453905E-04   6.3602756764E-03  -1.6800649616E-03
   29      5.4648401097E-05   3.3807265951E-04   3.3210818101E-02  -1.7018522504E-02  -4.3273477123E-02
   30      9.4671304496E-02   1.2900593776E-02   7.0822575144E-04  -3.9505135930E-05  -2.3176556594E-04
   31     -1.1321191620E-01  -1.0449836437E-02   4.2935516824E-04  -5.4665891481E-04  -5.9573670366E-04
   32     -1.6013216134E-02  -7.9839945275E-02   7.5763411574E-05  -5.6081382812E-05  -1.0865519681E-03
   33     -4.7828275088E-05   2.0518646628E-04  -8.5380038422E-02   3.6234923955E-03   3.2733116088E-02
   34     -7.7627714291E-04  -3.6174143965E-04   4.4534531530E-03  -7.8666221847E-02  -6.0801174799E-03
   35     -2.7301850244E-04  -6.2071269204E-04   2.3415017533E-02  -3.3613807431E-03  -2.9608220928E-01
   36      1.7699636595E-04  -8.6727308268E-06   6.5975967909E-04  -2.2019389704E-03  -1.5600083704E-04
   37      9.4641502106E-05  -3.9294793180E-05  -6.0643239950E-04   1.9302238256E-03  -1.2885295884E-04
   38      2.2721384483E-05  -1.7689380057E-05  -3.7195720673E-04   5.9556376984E-04   6.0970430698E-04
   39      1.3475625724E-06   3.6217250496E-05  -5.5653497652E-03   3.0236442678E-03   5.8607489085E-03
   40     -2.9905812183E-05   1.0352777853E-05   2.3422463842E-03  -2.2781024418E-04  -3.0342249534E-03
   41      6.6620692451E-06   1.8580033450E-05   2.0035963342E-03  -1.3636895345E-03  -3.2128055537E-04
   42      2.5275920135E-02   3.0017596992E-02  -1.5577556680E-05   3.6674281571E-05   1.5186623446E-04
   43     -5.0424269554E-03  -1.3510148339E-02  -2.3344820271E-05   1.9751016569E-05   1.6131278362E-04
   44     -1.4023568063E-03   9.3555757002E-03   1.7759745504E-05   2.9496471221E-05   1.2943364002E-04
                   15                 16                 17                 18                 19        
    0     -6.6607395346E-04  -7.8030958837E-05  -4.2619598756E-05  -9.1461785243E-04   6.5161179539E-04
    1      1.6927484510E-03   2.5373804181E-04  -2.1179248425E-04   2.3908311922E-04   8.7148187229E-04
    2     -8.2890760209E-04  -4.4824517675E-05   2.6304216975E-04  -4.3449813476E-04  -2.1251609085E-04
    3     -1.1663228278E-03  -1.2266079919E-04  -9.3708631961E-05  -7.5825269915E-04   5.7233875304E-04
    4      1.1081950322E-03   1.9962540487E-04   8.2871015045E-05   6.3488903089E-05   3.1876538407E-04
    5      1.4247732702E-03   1.5144909407E-04   2.6452504259E-04   3.1971226734E-04  -6.0188720075E-05
    6     -4.2837354778E-04  -4.9436858902E-05  -1.9359168110E-05  -2.4494870049E-04   1.4197703321E-04
    7     -5.5975570397E-04   1.7640439022E-04  -5.5542179887E-07  -2.9342341565E-04   9.3212260150E-04
    8      2.3403755575E-04  -6.7600345952E-05   1.0309381130E-04   8.0626102083E-05  -4.7539327878E-04
    9     -1.6687145143E-03  -1.1419918766E-04   5.2070267207E-05  -4.9714202217E-04   3.9827887205E-04
   10      1.9761654855E-06   1.4965945914E-04   7.4091977287E-05  -1.8656670743E-05   3.6106766584E-04
   11     -2.1074699759E-04   3.4543617923E-05   8.4887040353E-05  -5.2312730249E-05   7.2975923793E-05
   12     -9.6881174183E-04  -1.0644020451E-02  -4.8849075886E-02   1.3764668025E-02   1.6112587964E-03
   13     -8.6879382986E-03   6.3073007734E-03  -2.6743997691E-02  -2.2625702699E-04  -1.5526634674E-02
   14     -3.3120329910E-02  -2.0587251822E-02  -4.5555344976E-02  -3.6611033465E-03   4.1686716475E-02
   15      2.8894569442E-01   1.3542715004E-01   9.1696973084E-02   4.5892802232E-03  -3.1256386646E-02
   16      1.3542715004E-01   1.5835919819E-01   5.4455430574E-02  -4.7190089560E-02  -5.8985977681E-02
   17      9.1696973084E-02   5.4455430574E-02   1.1306993184E-01   2.9081539530E-03  -2.5433721385E-03
   18      4.5892802232E-03  -4.7190089560E-02   2.9081539530E-03   7.4312275177E-02  -2.9959025552E-02
   19     -3.1256386646E-02  -5.8985977681E-02  -2.5433721385E-03  -2.9959025552E-02   3.9447554122E-01
   20      1.2032616215E-03  -7.7010401865E-03   1.4212571032E-02   1.0789565626E-02  -9.0425938449E-02
   21     -1.4607639948E-02   2.0703133344E-03   2.5676440648E-03   1.0848284157E-03   2.1052476024E-03
   22      6.7282414604E-03   1.7627275884E-03  -7.2730215183E-04   1.0813982655E-05   3.1764353312E-03
   23      2.7933589585E-03  -1.7732047400E-04   1.4775835697E-03  -1.2217145576E-04   4.0182995999E-04
   24      3.8500125316E-03   3.9849837221E-04   1.8906686756E-04   3.0590126451E-03  -1.6275076673E-03
   25     -7.2246580097E-03  -6.5743717922E-05   6.9538614796E-04  -1.6652727800E-04  -8.9877986489E-05
   26     -9.2054183652E-04   1.9637333581E-05  -9.8615355831E-05  -2.0752138311E-05   6.5379874693E-04
   27     -3.6805636591E-02  -1.7902023524E-03   1.3751538083E-03   1.0068555200E-03   3.7274368329E-03
   28     -2.6654167860E-02   4.9800250552E-03   1.4118351463E-04   3.4840754011E-02  -4.1633478915E-02
   29     -1.7906790849E-02  -1.6838281364E-03   6.9018807551E-03  -8.0431061118E-03   1.1001823853E-02
   30      1.3830793182E-03   2.7578925932E-04   1.5040853870E-04   7.2385835105E-04  -3.1550944278E-04
   31      1.8368290860E-03  -4.4544512850E-04  -2.6988352003E-04   4.9865484740E-04  -1.8244598072E-03
   32      3.3394685931E-04  -2.1516383223E-05  -3.2094088359E-04   1.5868216527E-04   2.0732576360E-04
   33     -2.4305049146E-01  -7.6783133760E-02  -4.9157851600E-02  -9.0793003825E-02   4.8581359383E-02
   34     -7.1295427610E-02  -1.1444191174E-01  -2.5648865148E-02   4.0787951355E-02  -2.8222851404E-01
   35     -4.3924987367E-02  -2.4845543779E-02  -9.2165974019E-02  -4.3515594904E-03   4.2843669711E-02
   36      3.2486512285E-04  -1.5322824747E-03   5.5374231195E-04  -5.7832326059E-03   5.6877728863E-03
   37     -1.6662683235E-04   2.1696009266E-03  -7.0819508630E-04   2.0794842937E-03  -6.9885380222E-04
   38     -1.2151855376E-03   5.1138770999E-04  -5.1603992455E-04   2.6536174473E-03  -3.1612489806E-03
   39      3.0566648794E-04   1.4430974036E-04  -1.5110117854E-03   4.8761693324E-04  -5.1043768394E-04
   40     -8.8242401339E-04  -4.3646387923E-04   1.2567718070E-03  -5.2213968179E-04   7.9311390124E-04
   41      5.4927798428E-04   2.7970142717E-05   2.2290873008E-03  -2.6739411595E-04  -1.1277176009E-05
   42     -3.6533519382E-05   2.7499686767E-05   4.0888089131E-05  -3.7197585070E-05   7.9535134470E-05
   43     -1.0725928654E-04   1.7262324375E-05   3.8318374209E-05  -3.2061421863E-05   5.9268925677E-05
   44      3.1386452744E-05   3.8417403311E-05   5.0312595376E-05   1.0826672732E-05   3.8501462869E-05
                   20                 21                 22                 23                 24        
    0      1.1159870349E-04  -1.0162205760E-02   4.4655922340E-02  -2.3874117422E-02  -8.2020607740E-02
    1     -2.5077439076E-04   4.0965689821E-02  -3.9954834562E-02   2.5864443730E-02  -2.5806811110E-02
    2      2.8603994177E-04  -1.8627884195E-02   2.0781235182E-02   1.9526655379E-03   9.0275632957E-03
    3     -6.7024234443E-05  -2.4598660500E-02   3.0584450199E-02   4.4965614495E-02  -8.4381119927E-02
    4      2.7576096575E-05   3.0617472201E-02  -8.6070756072E-03  -2.9609483467E-02   2.2364316126E-03
    5      2.5085906285E-04   3.5193557267E-02  -2.1087353634E-02  -1.2740871637E-02   1.2784091231E-02
    6      2.2490220117E-05  -1.1269384400E-03  -1.2451187903E-03  -4.8953746106E-04   2.8988927793E-03
    7     -1.4682697826E-04  -3.7540438234E-03   1.6625402907E-03  -2.3000603109E-03   8.6889361691E-04
    8      2.0337522185E-04   1.3952558876E-03  -1.0720413745E-03   2.3653230744E-03  -2.4839500556E-03
    9      6.4987403319E-05  -1.2105812127E-02  -7.3750117583E-03  -4.5404708586E-03  -4.3289890769E-02
   10     -1.2073566984E-05  -3.6916110893E-03   3.3767187211E-05  -1.2269666240E-03  -4.3304990247E-03
   11      7.9189316193E-05  -2.7824442510E-03  -1.3154851652E-03  -3.0114351208E-05  -1.1589938086E-02
   12     -7.3850474167E-03   1.2382890384E-03   6.7576244494E-04   5.1833999396E-04   2.7626168181E-03
   13      5.8679308607E-02   1.6063785554E-03   7.9392321002E-04   7.2331488616E-04  -3.2368187703E-04
   14     -4.0595499350E-02   2.0943200224E-03   5.8078618258E-04   4.5370245855E-03  -1.7923936289E-03
   15      1.2032616215E-03  -1.4607639948E-02   6.7282414604E-03   2.7933589585E-03   3.8500125316E-03
   16     -7.7010401865E-03   2.0703133344E-03   1.7627275884E-03  -1.7732047400E-04   3.9849837221E-04
   17      1.4212571032E-02   2.5676440648E-03  -7.2730215183E-04   1.4775835697E-03   1.8906686756E-04
   18      1.0789565626E-02   1.0848284157E-03   1.0813982655E-05  -1.2217145576E-04   3.0590126451E-03
   19     -9.0425938449E-02   2.1052476024E-03   3.1764353312E-03   4.0182995999E-04  -1.6275076673E-03
   20      1.0363426629E-01   1.1554366181E-03  -2.3206304126E-04   6.4875154377E-04  -1.3212842538E-04
   21      1.1554366181E-03   5.4377129018E-01  -3.2974648306E-02   6.8426896987E-02  -2.4257348222E-01
   22     -2.3206304126E-04  -3.2974648306E-02   3.1192423878E-01   6.8816131293E-02   4.6885671292E-02
   23      6.4875154377E-04   6.8426896987E-02   6.8816131293E-02   1.5771218514E-01  -1.6517263329E-02
   24     -1.3212842538E-04  -2.4257348222E-01   4.6885671292E-02  -1.6517263329E-02   6.2581450030E-01
   25      3.8976817172E-04   6.0815702621E-02  -1.3373395976E-01  -1.1931064182E-02   3.9815995435E-02
   26     -4.2002348655E-04  -7.2006643146E-03  -1.8018322760E-02  -7.3274217536E-02   3.3882540719E-02
   27      1.8878855942E-03  -1.5128779860E-01  -4.0607174202E-02  -3.7222439513E-02  -6.4980303183E-02
   28     -6.6018059196E-03  -6.6503884401E-02  -1.3482297382E-01  -4.1160543903E-02   1.3731762014E-03
   29      8.4786023558E-03  -4.5619577327E-02  -3.4713217797E-02  -8.5142156756E-02  -6.7603507046E-03
   30      2.9809883809E-07  -3.1888387851E-02  -9.4869200623E-03  -8.8231902320E-03  -1.2938485892E-01
   31      9.4129765213E-05   2.3481946938E-02   9.8686686750E-03   7.9520309230E-03  -7.1192202441E-02
   32     -3.9239264683E-04  -8.6265554520E-05   2.2479316989E-03   3.1369308275E-03  -2.6000299404E-02
   33     -7.6942080852E-03  -3.1167873763E-02   2.0292633521E-03   3.5492948118E-03  -1.2037425518E-02
   34      4.6263901746E-02  -3.1330445670E-02   4.8178334389E-03   4.2067878570E-03  -6.9441712101E-04
   35     -8.8737149536E-02  -2.2276722780E-02   5.9591377749E-03  -7.0900134935E-04  -5.5685933137E-05
   36      2.1336663625E-03  -1.1262495129E-02  -3.4187040590E-02   3.5459137230E-03   4.7066240375E-03
   37     -1.0609777713E-03  -1.2078585794E-02  -1.6378462635E-02  -1.3101270038E-04   3.8552525317E-03
   38      4.1876243769E-04  -1.8005083488E-03  -1.6001431320E-02   4.8576186051E-03   1.0828576916E-03
   39     -2.0961708245E-03  -1.5548220172E-02  -5.8556223501E-03  -3.3310717525E-02   5.9807902074E-03
   40      9.3088673890E-04  -1.0377107621E-02  -7.8530102570E-04  -2.2498299898E-02   2.8594794688E-03
   41      1.8907879961E-03  -1.2200577054E-02  -5.5030733895E-03  -5.5775597624E-03   3.4265634390E-03
   42      3.7102028982E-05   2.3510687240E-04   1.3407378648E-04   1.0579933844E-03   9.5952389543E-03
   43      2.9222115459E-05  -9.2508716950E-04   2.4247290028E-04   1.0265474564E-03   5.6146014782E-03
   44      4.1859821241E-05  -1.9597158036E-04   3.2873395522E-04   7.8583850584E-04   4.8927313623E-03
                   25                 26                 27                 28                 29        
    0     -1.6213656984E-02   1.6444643998E-03   4.2200039103E-03   2.3892575814E-03   8.7920204715E-04
    1     -2.0389371137E-01   7.7448257349E-02  -9.8012821867E-03  -6.4018705943E-03  -3.4561195894E-03
    2      8.0139893909E-02  -1.2141999798E-01   3.5128772414E-03   2.8397705348E-03   1.3658058367E-03
    3      7.0722705315E-03   2.2343488992E-02   5.5471174157E-03   3.2704920762E-03   2.2367447438E-03
    4     -1.0436746186E-01  -7.1616415089E-02  -5.8057107224E-03  -4.0921840433E-03  -8.2063073379E-04
    5     -7.5313106040E-02  -2.3128760521E-01  -7.4171187731E-03  -3.6541364448E-03  -2.4569309214E-03
    6     -1.6220168074E-02   2.0933132321E-02   1.5450011379E-03   4.3008140623E-04   5.2184567329E-04
    7     -3.2520642421E-02   3.4698872827E-02   2.0265839181E-04   1.1228624577E-03   1.3363685157E-04
    8      6.9921230405E-03  -6.7260729654E-03   1.4408688768E-04  -2.5029161532E-04  -4.2305216905E-04
    9      3.1540426941E-02   3.8214364556E-03   1.3061782774E-03   3.0732736529E-03   1.8356910691E-03
   10      2.6521474670E-03   3.3900330796E-03  -8.0962761341E-04   3.0633636069E-04   5.4648401097E-05
   11      5.3442495071E-03   1.0250967158E-03  -4.1559627039E-04   5.7342431669E-04   3.3807265951E-04
   12     -9.3273557630E-04   3.9689415130E-04   3.0889016765E-03   5.3449453905E-04   3.3210818101E-02
   13      3.2263475660E-05   1.5063709745E-04   1.1273340067E-03   6.3602756764E-03  -1.7018522504E-02
   14      2.0442612340E-03  -2.5643132164E-03  -5.5116253663E-04  -1.6800649616E-03  -4.3273477123E-02
   15     -7.2246580097E-03  -9.2054183652E-04  -3.6805636591E-02  -2.6654167860E-02  -1.7906790849E-02
   16     -6.5743717922E-05   1.9637333581E-05  -1.7902023524E-03   4.9800250552E-03  -1.6838281364E-03
   17      6.9538614796E-04  -9.8615355831E-05   1.3751538083E-03   1.4118351463E-04   6.9018807551E-03
   18     -1.6652727800E-04  -2.0752138311E-05   1.0068555200E-03   3.4840754011E-02  -8.0431061118E-03
   19     -8.9877986489E-05   6.5379874693E-04   3.7274368329E-03  -4.1633478915E-02   1.1001823853E-02
   20      3.8976817172E-04  -4.2002348655E-04   1.8878855942E-03  -6.6018059196E-03   8.4786023558E-03
   21      6.0815702621E-02  -7.2006643146E-03  -1.5128779860E-01  -6.6503884401E-02  -4.5619577327E-02
   22     -1.3373395976E-01  -1.8018322760E-02  -4.0607174202E-02  -1.3482297382E-01  -3.4713217797E-02
   23     -1.1931064182E-02  -7.3274217536E-02  -3.7222439513E-02  -4.1160543903E-02  -8.5142156756E-02
   24      3.9815995435E-02   3.3882540719E-02  -6.4980303183E-02   1.3731762014E-03  -6.7603507046E-03
   25      5.7120816013E-01   3.6536737706E-02  -5.4703629268E-03   2.5264456865E-02   7.5876166234E-03
   26      3.6536737706E-02   5.2544646828E-01  -1.1352116122E-02   8.6773032306E-03  -1.9983318684E-03
   27     -5.4703629268E-03  -1.1352116122E-02   5.0885967076E-01  -3.2519128562E-02  -9.7825585620E-04
   28      2.5264456865E-02   8.6773032306E-03  -3.2519128562E-02   5.9663551472E-01  -4.2882405234E-02
   29      7.5876166234E-03  -1.9983318684E-03  -9.7825585620E-04  -4.2882405234E-02   6.1504668352E-01
   30     -7.5638438955E-02  -3.9555911171E-02  -4.2139354124E-03   1.0944277969E-04  -1.2231741863E-03
   31     -1.0897427945E-01  -5.0191460569E-02   4.1919408787E-03  -3.5561756959E-03  -1.9467110280E-03
   32     -3.9708127876E-02  -8.1152565761E-02   6.1348902332E-04  -1.1448086319E-03   1.7055594781E-03
   33      2.6359883060E-03  -2.1535401445E-04  -1.6281624694E-01   5.0204906616E-02   4.5667791424E-02
   34     -6.8354164745E-03  -1.4857957473E-03   6.5342531994E-02  -9.6560888981E-02  -1.9123999422E-02
   35     -6.4323080507E-03   5.7820188934E-04   5.7288876160E-02  -1.9286883068E-02  -9.4053287554E-02
   36     -8.0356581438E-03   2.0758297573E-03  -5.4782807035E-02   2.3867400369E-02  -3.8624208726E-03
   37     -4.3618378194E-03   1.4418445078E-04   1.9318246945E-02  -2.9250398176E-01   8.0639724494E-02
   38     -7.2510009915E-05   2.6667974388E-03  -5.8311355956E-03   8.7241418513E-02  -8.4254090221E-02
   39     -4.8403619745E-03  -5.9647994633E-03  -5.0978123287E-02   5.2961219493E-03  -1.8203118095E-04
   40     -2.4958622881E-03  -5.8363754130E-04   3.2294786053E-03  -5.5247271317E-02   2.1851486476E-02
   41     -2.9893185991E-03  -2.4191298803E-03  -6.2245863786E-04   1.7130046934E-02  -3.2228825153E-01
   42     -7.0706966798E-03  -1.9821052776E-02   2.9112235192E-04   2.8802105883E-04   2.5988986034E-04
   43     -1.8182347950E-03  -2.0164155826E-02  -3.3638050621E-04   1.4935398710E-04   4.0540140327E-04
   44     -2.9432758706E-03  -8.3556910700E-03  -4.6836123856E-04   2.8889076539E-05   5.2973537529E-05
                   30                 31                 32                 33                 34        
    0      4.8095562370E-03  -1.4229663687E-02   1.2894502334E-02   2.8380463791E-03  -2.4171906005E-05
    1      6.4584852719E-03  -3.1967181053E-02   3.0762363158E-02  -1.9445752292E-03   5.8597457346E-05
    2     -2.6378363152E-03   9.0322423660E-03  -1.7984462984E-03   1.8005557324E-03  -7.9776834073E-05
    3      6.6498100254E-03  -5.7210938422E-03  -1.7727685275E-02   3.5512694292E-03  -3.1621023768E-04
    4      9.9466148275E-03  -1.0083911919E-02  -3.3405770799E-02  -8.4324424125E-04   8.4223977814E-05
    5      1.3523901116E-02  -1.2674859673E-02  -3.9775581355E-02  -1.3026112320E-03   2.6325746301E-04
    6     -7.7302483846E-02  -2.6181396006E-02   2.0290991977E-02   9.6370844625E-04  -1.7614860348E-04
    7     -3.5684112021E-02  -2.0050658463E-01   1.1526748635E-01   1.0852287968E-03  -1.6334555888E-03
    8      3.0080980299E-02   1.1143215502E-01  -1.8867028237E-01  -3.0438915004E-04   7.5574777405E-04
    9     -2.7111846594E-01   8.3467276844E-02   2.0350110748E-02   2.1836881611E-03  -1.2072947542E-03
   10      9.4671304496E-02  -1.1321191620E-01  -1.6013216134E-02  -4.7828275088E-05  -7.7627714291E-04
   11      1.2900593776E-02  -1.0449836437E-02  -7.9839945275E-02   2.0518646628E-04  -3.6174143965E-04
   12      7.0822575144E-04   4.2935516824E-04   7.5763411574E-05  -8.5380038422E-02   4.4534531530E-03
   13     -3.9505135930E-05  -5.4665891481E-04  -5.6081382812E-05   3.6234923955E-03  -7.8666221847E-02
   14     -2.3176556594E-04  -5.9573670366E-04  -1.0865519681E-03   3.2733116088E-02  -6.0801174799E-03
   15      1.3830793182E-03   1.8368290860E-03   3.3394685931E-04  -2.4305049146E-01  -7.1295427610E-02
   16      2.7578925932E-04  -4.4544512850E-04  -2.1516383223E-05  -7.6783133760E-02  -1.1444191174E-01
   17      1.5040853870E-04  -2.6988352003E-04  -3.2094088359E-04  -4.9157851600E-02  -2.5648865148E-02
   18      7.2385835105E-04   4.9865484740E-04   1.5868216527E-04  -9.0793003825E-02   4.0787951355E-02
   19     -3.1550944278E-04  -1.8244598072E-03   2.0732576360E-04   4.8581359383E-02  -2.8222851404E-01
   20      2.9809883809E-07   9.4129765213E-05  -3.9239264683E-04  -7.6942080852E-03   4.6263901746E-02
   21     -3.1888387851E-02   2.3481946938E-02  -8.6265554520E-05  -3.1167873763E-02  -3.1330445670E-02
   22     -9.4869200623E-03   9.8686686750E-03   2.2479316989E-03   2.0292633521E-03   4.8178334389E-03
   23     -8.8231902320E-03   7.9520309230E-03   3.1369308275E-03   3.5492948118E-03   4.2067878570E-03
   24     -1.2938485892E-01  -7.1192202441E-02  -2.6000299404E-02  -1.2037425518E-02  -6.9441712101E-04
   25     -7.5638438955E-02  -1.0897427945E-01  -3.9708127876E-02   2.6359883060E-03  -6.8354164745E-03
   26     -3.9555911171E-02  -5.0191460569E-02  -8.1152565761E-02  -2.1535401445E-04  -1.4857957473E-03
   27     -4.2139354124E-03   4.1919408787E-03   6.1348902332E-04  -1.6281624694E-01   6.5342531994E-02
   28      1.0944277969E-04  -3.5561756959E-03  -1.1448086319E-03   5.0204906616E-02  -9.6560888981E-02
   29     -1.2231741863E-03  -1.9467110280E-03   1.7055594781E-03   4.5667791424E-02  -1.9123999422E-02
   30      5.6823828066E-01  -1.9688940781E-03  -4.5063915667E-02  -3.1767223483E-03   1.1964893324E-04
   31     -1.9688940781E-03   5.5091216047E-01   3.8136507715E-02  -1.8973501643E-03   4.4047911366E-03
   32     -4.5063915667E-02   3.8136507715E-02   6.6474834395E-01  -6.2715000895E-04   8.5023481389E-05
   33     -3.1767223483E-03  -1.8973501643E-03  -6.2715000895E-04   6.0997278956E-01  -2.7589941911E-02
   34      1.1964893324E-04   4.4047911366E-03   8.5023481389E-05  -2.7589941911E-02   5.8639163507E-01
   35      1.3264497290E-04   1.9937637876E-03   2.1281711094E-03  -2.3647928430E-02   1.1182698082E-02
   36      5.1503201524E-04  -2.8939591630E-04  -7.5391333755E-05   3.2944088779E-03   2.6736653590E-02
   37      4.3810791064E-04  -1.2377957927E-04   2.4905360283E-04  -5.3490376918E-05  -1.5183681289E-02
   38      1.1176769245E-04  -2.2335160785E-05  -1.7819711967E-04   1.4078364891E-03  -1.3575141995E-02
   39      3.3386871943E-04   5.1301000868E-04   3.8033588014E-04   5.5053303074E-03  -4.5531790890E-03
   40      2.2452673019E-04   3.3708863616E-04  -1.6213631270E-05   8.2638049739E-04   7.5604735930E-04
   41      3.1353224991E-04   2.9582547911E-04  -9.9913108634E-05  -2.4412628422E-03   3.6437516081E-03
   42     -6.6276856765E-02   7.3106040951E-03   3.4432208566E-02   1.1256110965E-04  -1.8034057648E-04
   43      1.0639837757E-02  -9.4282316545E-02  -9.6639646531E-02   1.0028306723E-04  -1.8676133717E-04
   44      4.0372342672E-02  -9.2736142363E-02  -2.7840418857E-01  -6.7216660549E-05  -1.6150685375E-04
                   35                 36                 37                 38                 39        
    0     -6.9460855402E-04  -5.4538251125E-04   1.3539462078E-03  -4.5824032893E-04  -7.6491463292E-04
    1      1.6872108066E-03   3.5566911544E-03   2.7866935489E-03   4.0590989849E-04   9.9072843005E-04
    2     -2.0613316107E-03  -1.6109208816E-03  -5.6294144421E-04  -1.0520402538E-03   1.0429754840E-04
    3     -2.1741048069E-05  -5.8309692923E-04  -1.6055494631E-04  -4.4789237001E-04  -1.0701835081E-03
    4     -1.3384023572E-05   1.0542247156E-03   8.2755534157E-04  -3.2426207855E-04   1.4311368400E-03
    5     -5.4274420108E-04   3.2118575952E-04   6.7351555666E-04  -4.5052040423E-04   3.0533460370E-03
    6     -2.0180801604E-04  -1.1330715446E-04  -1.9321739553E-04   3.3718812475E-05  -1.9171331140E-04
    7     -7.4843534944E-05   3.8799841338E-04   9.4155083560E-05   1.1945255283E-04  -3.5022221166E-04
    8     -6.0543222585E-04  -1.8556314271E-04  -9.0771296595E-05  -3.2061967466E-05   1.9748866942E-04
    9     -1.2919579463E-03  -4.0032381973E-04  -3.5294787153E-04  -6.8055620999E-05  -6.0442479795E-04
   10     -2.7301850244E-04   1.7699636595E-04   9.4641502106E-05   2.2721384483E-05   1.3475625724E-06
   11     -6.2071269204E-04  -8.6727308268E-06  -3.9294793180E-05  -1.7689380057E-05   3.6217250496E-05
   12      2.3415017533E-02   6.5975967909E-04  -6.0643239950E-04  -3.7195720673E-04  -5.5653497652E-03
   13     -3.3613807431E-03  -2.2019389704E-03   1.9302238256E-03   5.9556376984E-04   3.0236442678E-03
   14     -2.9608220928E-01  -1.5600083704E-04  -1.2885295884E-04   6.0970430698E-04   5.8607489085E-03
   15     -4.3924987367E-02   3.2486512285E-04  -1.6662683235E-04  -1.2151855376E-03   3.0566648794E-04
   16     -2.4845543779E-02  -1.5322824747E-03   2.1696009266E-03   5.1138770999E-04   1.4430974036E-04
   17     -9.2165974019E-02   5.5374231195E-04  -7.0819508630E-04  -5.1603992455E-04  -1.5110117854E-03
   18     -4.3515594904E-03  -5.7832326059E-03   2.0794842937E-03   2.6536174473E-03   4.8761693324E-04
   19      4.2843669711E-02   5.6877728863E-03  -6.9885380222E-04  -3.1612489806E-03  -5.1043768394E-04
   20     -8.8737149536E-02   2.1336663625E-03  -1.0609777713E-03   4.1876243769E-04  -2.0961708245E-03
   21     -2.2276722780E-02  -1.1262495129E-02  -1.2078585794E-02  -1.8005083488E-03  -1.5548220172E-02
   22      5.9591377749E-03  -3.4187040590E-02  -1.6378462635E-02  -1.6001431320E-02  -5.8556223501E-03
   23     -7.0900134935E-04   3.5459137230E-03  -1.3101270038E-04   4.8576186051E-03  -3.3310717525E-02
   24     -5.5685933137E-05   4.7066240375E-03   3.8552525317E-03   1.0828576916E-03   5.9807902074E-03
   25     -6.4323080507E-03  -8.0356581438E-03  -4.3618378194E-03  -7.2510009915E-05  -4.8403619745E-03
   26      5.7820188934E-04   2.0758297573E-03   1.4418445078E-04   2.6667974388E-03  -5.9647994633E-03
   27      5.7288876160E-02  -5.4782807035E-02   1.9318246945E-02  -5.8311355956E-03  -5.0978123287E-02
   28     -1.9286883068E-02   2.3867400369E-02  -2.9250398176E-01   8.7241418513E-02   5.2961219493E-03
   29     -9.4053287554E-02  -3.8624208726E-03   8.0639724494E-02  -8.4254090221E-02  -1.8203118095E-04
   30      1.3264497290E-04   5.1503201524E-04   4.3810791064E-04   1.1176769245E-04   3.3386871943E-04
   31      1.9937637876E-03  -2.8939591630E-04  -1.2377957927E-04  -2.2335160785E-05   5.1301000868E-04
   32      2.1281711094E-03  -7.5391333755E-05   2.4905360283E-04  -1.7819711967E-04   3.8033588014E-04
   33     -2.3647928430E-02   3.2944088779E-03  -5.3490376918E-05   1.4078364891E-03   5.5053303074E-03
   34      1.1182698082E-02   2.6736653590E-02  -1.5183681289E-02  -1.3575141995E-02  -4.5531790890E-03
   35      5.8443735533E-01  -1.2568900997E-02   7.3279622079E-03   3.7336405154E-03   2.8543506567E-02
   36     -1.2568900997E-02   6.2009008180E-02  -1.4639962907E-02   8.4754955060E-03   1.9056632976E-03
   37      7.3279622079E-03  -1.4639962907E-02   3.1976564387E-01  -8.6242367496E-02   1.1795578451E-03
   38      3.7336405154E-03   8.4754955060E-03  -8.6242367496E-02   8.1062989651E-02  -3.5503442982E-03
   39      2.8543506567E-02   1.9056632976E-03   1.1795578451E-03  -3.5503442982E-03   6.0107821486E-02
   40     -1.6299308205E-02  -5.8551740847E-04   1.5795283739E-03   3.0549167751E-02   3.4032107486E-03
   41     -1.5041205208E-02   1.2976876386E-03  -1.0259502136E-04  -6.8471020339E-03   8.3042719949E-03
   42     -2.4995365932E-04   5.5283974892E-05   2.4531835718E-05  -1.8733204287E-05   9.6172035214E-05
   43     -2.9199555528E-04   6.7498688562E-06   2.5544119087E-06  -4.3511592657E-05   1.2797790322E-04
   44     -2.5832116804E-04   6.1108608248E-05   2.9755310012E-05  -1.7716507702E-06   1.2688078291E-04
                   40                 41                 42                 43                 44        
    0      1.9079511604E-04  -3.7276538488E-04  -5.3665798910E-04   1.0608536375E-04  -6.9452250879E-04
    1      1.0597365835E-03   5.3727458654E-04   3.6483639381E-04   1.1434040622E-03  -1.2594722090E-03
    2     -3.0121812879E-04   6.8684610570E-05   1.7015051231E-03   1.4511555955E-03   1.7604771682E-03
    3     -3.8046025249E-04   4.3072963550E-04  -3.1164218561E-03  -2.7339619134E-03  -1.3251755026E-03
    4      4.6886133513E-04   1.1440078439E-03  -4.1337808930E-03  -3.0864945114E-03  -7.7560406661E-04
    5      6.2939532326E-04   1.8588814338E-03  -4.4447026358E-03  -3.0082947519E-03   5.9026908484E-05
    6     -5.9298635182E-05  -1.0007983201E-04   7.1548862442E-03  -6.0329039834E-03   4.0540485205E-03
    7     -2.1938410069E-04  -1.5696038047E-04  -4.9065519362E-04   2.3914380322E-03   8.5062839165E-03
    8      1.4426642097E-04   1.1595524130E-04   5.6767032101E-03   4.0299319003E-02  -2.6082574459E-02
    9     -2.5364575790E-04  -3.2067842126E-04  -2.0568669555E-02   1.5242952195E-02   2.0299631633E-03
   10     -2.9905812183E-05   6.6620692451E-06   2.5275920135E-02  -5.0424269554E-03  -1.4023568063E-03
   11      1.0352777853E-05   1.8580033450E-05   3.0017596992E-02  -1.3510148339E-02   9.3555757002E-03
   12      2.3422463842E-03   2.0035963342E-03  -1.5577556680E-05  -2.3344820271E-05   1.7759745504E-05
   13     -2.2781024418E-04  -1.3636895345E-03   3.6674281571E-05   1.9751016569E-05   2.9496471221E-05
